496	19	5
612	11	6
888	15	2
1044	6	55
1077	13	1
65	5	1
82	4	3
279	14	1
371	15	1
1195	15	6
64	20	1
602	19	1
913	13	4
364	2	7
1222	22	41
109	13	25
276	8	4
329	10	2
742	6	8
1078	17	1
892	18	1
1163	13	14
238	15	3
282	8	3
483	4	2
800	17	1
876	11	12
68	19	1
320	2	1
408	16	2
1061	16	2
176	0	1
252	13	3
465	6	6
1036	15	1
1058	8	9
1037	11	1
1183	20	1
975	11	2
333	13	8
809	6	1
897	14	1
45	16	1
620	19	1
661	11	1
917	13	1
1080	13	3
465	2	2
880	13	1
929	0	1
950	13	17
1076	22	5
393	0	9
479	4	1
896	11	1
1126	22	114
1175	6	9
1238	11	30
54	2	3
97	2	2
404	8	15
582	0	2
1004	1	3
683	19	3
728	20	3
777	16	1
179	0	1
295	17	1
343	9	2
369	0	1
510	6	1
92	13	6
243	9	1
1065	11	1
1150	4	3
129	13	2
355	19	6
479	3	3
1212	0	1
1091	6	3
55	2	4
140	15	1
279	2	1
944	2	3
84	8	15
1019	19	1
166	11	2
796	13	1
1275	0	1
800	3	1
837	13	1
267	14	13
465	3	1
862	4	2
952	8	1
1096	13	20
279	8	3
430	1	1
644	2	3
340	6	45
392	9	3
1150	17	11
1175	16	1
1229	5	8
340	0	59
666	0	1
965	16	32
1098	11	3
1102	4	9
729	6	3
9	6	2
173	22	1
288	5	3
364	8	2
456	13	1
409	8	3
1152	8	1
379	8	1
799	2	1
1147	22	33
1251	11	5
1080	22	5
1167	0	2
1175	2	4
27	9	1
612	6	7
616	11	12
914	2	1
946	11	4
1186	11	19
580	2	13
812	11	2
1113	19	2
1257	13	8
1109	6	1
79	3	9
442	15	2
839	11	4
852	13	1
933	19	1
728	4	6
846	11	1
1066	14	1
689	13	4
1243	8	1
1277	15	2
14	8	1
498	2	2
595	11	30
599	6	16
1244	13	17
573	13	1
841	11	1
1102	18	5
1138	13	2
209	13	1
324	0	1
801	8	7
1002	19	4
401	14	1
617	9	1
929	20	1
1131	11	1
1175	8	3
238	13	4
369	8	1
375	11	1
983	19	1
1045	10	1
104	19	2
551	10	2
583	16	1
797	11	6
1065	2	1
1102	5	21
25	11	1
576	16	3
1191	8	5
202	2	6
341	11	4
489	13	8
531	8	1
692	27	1
97	7	3
261	19	5
1189	11	6
204	8	1
248	3	1
401	13	1
736	15	1
1079	9	2
970	4	1
1087	1	1
1167	1	1
17	5	1
82	2	16
616	5	1
669	3	1
758	6	1
171	2	8
607	14	1
1145	12	1
449	2	1
1012	21	7
1151	0	10
324	22	3
783	19	1
1220	18	1
1233	6	8
1209	13	1
492	19	1
731	16	4
924	13	1
965	10	4
1011	19	7
1246	20	1
64	13	4
189	14	3
204	13	1
440	13	1
483	9	41
443	11	1
492	5	3
409	11	1
822	11	4
1070	13	1
917	6	5
179	11	21
210	2	1
400	11	3
489	3	2
507	11	41
568	17	2
985	6	1
310	22	9
355	14	16
393	11	44
455	25	15
562	2	13
1009	5	38
1023	8	6
47	8	1
430	5	8
483	0	89
488	15	2
998	15	5
99	2	1
235	20	4
892	21	13
1115	13	3
1133	11	70
144	8	4
192	11	3
363	8	1
897	4	1
990	4	1
565	19	19
1031	6	3
1277	24	1
37	8	4
40	19	1
261	11	12
309	8	1
352	6	3
318	11	5
571	1	2
579	14	2
936	9	3
1184	15	1
161	11	8
302	3	5
423	15	1
535	3	1
1057	8	2
1220	15	2
931	20	1
1254	2	1
565	2	60
729	19	1
803	19	1
1080	11	1
2	5	1
121	8	1
218	8	1
378	3	3
1129	14	2
1177	2	2
64	2	4
258	19	5
803	14	15
1022	9	1
1129	20	1
293	8	1
378	13	3
726	20	1
829	15	1
277	9	43
638	12	1
878	13	20
1229	0	1
502	6	1
551	13	1
699	19	1
1147	13	9
1167	2	1
924	15	4
193	10	1
263	15	1
327	2	1
548	6	31
688	12	1
244	5	4
392	3	3
516	11	2
787	20	2
1231	16	81
1257	5	1
1019	9	2
1129	16	1
97	11	12
119	20	1
182	6	9
727	19	57
1004	8	10
13	14	8
826	4	1
909	22	6
923	19	1
1229	8	4
188	19	2
512	15	1
720	13	18
745	15	1
921	7	1
154	13	5
187	5	3
587	18	5
627	3	1
1183	10	1
127	16	1
150	21	1
355	2	49
488	12	5
27	16	1
238	19	3
619	13	1
705	7	1
1077	12	3
37	2	7
264	13	2
285	17	2
914	19	1
946	14	8
147	11	44
261	13	2
651	13	1
1114	2	9
671	8	1
814	22	7
566	10	3
1139	15	1
1172	13	1
1254	19	2
171	19	1
177	19	1
179	7	15
1045	17	7
168	11	2
256	8	2
1013	6	1
389	13	2
571	24	3
989	16	3
997	11	2
769	11	2
1174	13	6
1254	11	3
13	10	3
126	11	4
288	22	7
425	10	2
532	17	2
358	6	4
788	11	2
982	8	3
982	2	43
1004	13	46
1019	1	2
233	19	1
308	0	3
349	4	1
856	13	1
864	2	4
1070	3	2
187	13	9
173	17	2
545	11	1
990	22	1
1254	16	1
110	9	3
293	11	2
708	13	18
923	14	16
1045	12	1
1091	16	1
1096	15	3
330	8	2
592	6	2
917	5	6
156	15	1
1064	12	1
1163	17	5
434	11	14
886	0	10
965	3	145
1017	6	123
530	6	1
595	13	8
917	11	1
1156	8	7
1263	11	1
681	13	16
958	17	1
997	19	3
1031	10	2
1103	23	1
69	10	2
403	13	2
612	7	1
1118	13	6
104	16	1
333	15	5
392	13	33
514	8	1
800	13	2
1045	11	3
1276	8	1
228	9	8
319	11	4
398	2	6
898	18	1
966	10	2
1250	15	1
315	2	4
556	15	2
770	11	1
1211	13	2
1219	11	1
350	6	1
825	13	5
1246	0	1
330	14	1
502	13	1
1123	19	9
1141	14	1
948	6	1
1196	5	7
845	16	11
358	2	9
418	13	22
556	7	2
591	11	3
674	13	1
48	6	5
334	20	8
415	15	1
1222	15	1
162	7	1
769	8	3
1235	21	1
1147	0	8
1252	19	2
91	2	1
393	13	17
407	11	32
488	16	1
681	7	2
1277	6	1
269	8	2
565	11	1
654	11	1
1045	0	1
1089	11	1
700	13	2
948	3	4
1163	10	4
956	23	2
1088	3	4
1229	15	7
27	2	2
79	2	4
119	14	2
137	3	21
843	2	12
85	19	1
1061	11	6
1242	21	28
126	4	6
786	2	1
842	8	1
1128	13	3
1190	27	1
1162	9	1
259	7	1
349	6	7
568	6	1
710	6	2
1015	11	1
1208	13	2
5	6	1
235	5	1
964	8	1
1066	6	4
1123	11	10
460	6	1
657	14	2
788	4	2
46	17	1
273	13	4
287	13	2
310	18	1
310	2	17
867	12	2
1252	2	27
562	13	1
969	12	3
369	2	1
733	8	5
919	15	1
22	13	1
209	11	112
488	2	8
854	11	1
1041	7	16
27	5	5
625	15	7
1099	6	5
86	2	1
142	24	12
459	0	1
763	22	1
264	17	3
571	3	1
1277	26	1
179	16	3
432	15	22
534	13	2
570	10	1
634	1	1
909	5	3
27	6	3
48	0	2
69	12	1
295	0	3
1031	22	14
1274	11	1
24	19	1
102	7	1
758	19	1
835	7	1
970	2	1
97	4	8
214	4	13
843	10	1
1106	11	3
335	2	1
855	15	2
878	9	122
969	14	2
20	17	1
29	13	8
331	2	1
1109	19	1
1119	2	2
1202	5	43
247	6	2
254	11	2
394	9	1
700	2	9
784	6	8
1015	12	1
1097	11	1
1249	6	62
103	12	4
244	4	1
424	2	159
501	20	12
1122	11	1
5	9	24
428	13	74
888	14	14
149	4	1
74	10	1
235	8	1
1017	13	4
1267	16	1
234	8	22
363	2	1
667	8	1
789	15	1
1059	0	2
217	19	11
516	5	2
951	11	1
404	16	2
1	1	3
1093	5	1
1229	18	1
556	24	2
937	19	1
976	0	3
653	8	1
958	10	2
976	1	1
1186	13	16
1257	11	1
696	11	1
708	8	5
993	2	2
1136	2	1
162	25	1
231	14	1
707	9	2
747	14	1
861	16	2
1128	7	1
273	16	1
319	4	2
842	19	1
953	2	1
989	20	7
673	19	1
1028	1	1
409	20	3
616	19	1
876	9	2
1212	6	1
639	13	8
965	5	70
164	1	81
273	9	6
354	20	4
866	1	1
626	13	2
1270	16	1
202	19	6
383	20	1
892	6	1
950	18	2
303	20	2
776	21	1
884	6	1
154	5	1
269	6	1
954	24	1
1085	19	1
955	9	1
1042	8	2
154	15	2
237	18	2
422	1	1
773	15	1
924	8	8
642	11	5
884	13	1
976	4	1
1228	2	1
97	10	8
234	4	6
242	20	1
1051	2	2
1184	9	7
103	4	5
262	2	2
798	19	1
1031	5	1
1147	15	171
1179	19	1
1249	19	3
82	15	2
200	24	1
408	14	2
414	2	1
586	25	3
142	8	1
293	16	1
330	10	4
388	8	1
1121	10	1
1260	1	348
209	10	3
354	2	1
488	1	3
712	2	1
791	5	3
239	5	40
499	9	5
712	11	1
74	0	1
302	6	22
511	0	1
731	13	6
1104	13	2
926	4	3
1050	22	1
1203	11	2
131	2	37
441	2	5
442	5	3
488	5	7
576	19	2
73	8	1
106	6	1
1096	2	7
1183	5	1
990	13	15
258	14	2
324	13	3
328	3	11
562	19	1
878	4	135
39	0	1
796	16	1
1134	12	3
473	13	1
545	6	7
714	0	2
1004	4	15
1090	13	2
176	6	3
378	11	1
439	3	2
1230	11	11
994	11	1
13	12	21
234	6	25
643	19	4
728	2	5
738	11	1
253	26	1
458	1	41
676	15	1
797	4	1
944	19	4
229	1	1
544	13	1
796	3	4
557	6	1
876	8	8
998	13	1
1020	6	2
1196	7	4
731	8	2
1173	5	1
1184	11	6
1218	11	1
1277	22	12
1052	3	37
1265	9	2
163	15	3
318	1	3
359	3	3
442	13	1
521	6	3
541	13	6
1168	15	3
1238	2	3
565	8	6
772	0	1
1163	14	4
1203	6	2
731	11	12
1076	11	1
1175	1	1
13	8	29
478	0	2
634	0	3
634	13	3
637	2	16
202	20	2
962	6	1
1216	8	1
1229	2	1
83	25	1
360	1	1
682	15	1
1064	15	1
97	5	2
145	11	1
432	13	3
1061	15	3
1166	13	10
9	0	7
180	3	1
240	2	14
293	3	11
783	20	1
33	11	1
648	5	1
1023	25	30
271	13	1
410	15	1
488	0	1
967	11	13
103	20	2
273	0	2
571	13	3
91	0	1
268	20	2
354	11	3
1246	24	1
516	10	1
788	21	1
1046	13	2
1200	15	2
228	5	1
258	6	1
901	5	3
1091	8	2
830	20	29
164	16	6
315	14	2
347	18	2
475	10	4
811	3	1
129	11	149
682	11	1
1246	11	9
1277	4	2
164	11	47
182	5	7
257	11	5
1132	2	7
1165	13	1
830	2	158
967	19	1
333	5	2
355	11	11
583	2	1
794	11	1
700	4	4
821	19	6
821	11	1
911	1	4
1158	14	1
744	3	1
1113	16	1
1241	3	1
0	0	3
126	19	3
145	15	1
323	0	1
581	20	2
1096	8	10
324	9	7
935	5	2
955	19	26
1004	2	2
168	19	1
776	3	6
949	13	23
1265	13	1
385	15	1
390	9	1
514	3	121
1091	11	18
95	2	1
1001	2	1
77	2	3
872	11	6
1222	13	3
1230	18	1
170	11	1
375	17	3
773	8	1
986	22	4
1090	8	2
1230	13	1
131	13	3
776	6	1
850	19	1
1050	15	1
1061	14	4
950	4	4
181	11	3
318	8	3
473	19	1
571	20	1
575	11	3
143	20	16
475	6	6
623	5	1
1221	2	118
71	9	2
566	13	16
888	16	6
1175	11	3
1244	12	1
708	20	4
776	11	1
993	1	1
200	20	1
334	10	1
384	16	1
500	8	4
644	16	1
1061	19	3
1089	2	1
1109	17	2
1128	20	1
1221	24	3
905	15	1
950	12	15
1102	13	31
483	1	108
669	13	2
669	11	1
871	8	2
900	13	1
192	12	3
197	4	1
219	11	33
341	5	1
566	14	8
1087	11	2
1175	9	1
29	2	47
37	11	14
393	3	2
437	15	2
617	1	1
571	10	2
775	2	1
965	19	70
1184	1	2
439	9	4
803	16	1
62	11	1
1137	19	32
234	3	12
699	13	4
916	21	1
1158	2	1
73	10	10
122	19	11
405	2	6
137	2	1
620	15	1
960	20	1
1032	5	7
1221	0	14
164	15	143
441	11	1
50	11	8
987	17	1
1166	10	4
1208	0	10
1208	11	4
1210	9	1
242	15	1
338	12	1
803	15	4
915	1	4
1109	3	4
1099	19	2
1151	3	2
1233	14	2
287	0	2
324	11	9
349	8	1
467	2	1
901	15	1
1248	5	1
647	2	2
942	16	3
199	3	2
238	8	5
469	2	2
762	2	66
1130	2	3
327	8	2
916	7	1
204	6	1
238	7	3
858	1	1
989	15	22
234	20	4
356	10	2
714	22	12
950	14	3
1221	3	1
1147	20	14
75	7	2
351	13	48
483	6	12
615	19	1
822	4	2
888	13	18
1029	2	4
1211	15	1
244	14	6
333	8	11
341	2	3
342	11	1
804	8	1
1246	12	1
145	5	1
466	20	1
575	5	2
983	16	4
1030	13	1
576	11	4
956	6	2
327	15	2
340	11	43
479	6	17
489	0	2
1240	14	2
90	5	1
142	5	2
1105	2	1
1127	0	1
1178	2	1
324	18	2
394	6	2
1238	25	72
202	3	4
276	0	8
830	6	46
892	9	8
992	5	1
19	6	1
910	1	2
946	8	2
1065	20	1
1159	25	1
1004	20	3
1224	19	8
158	16	5
312	20	2
609	14	5
743	20	4
969	0	3
152	6	1
911	7	1
912	11	5
1064	11	1
126	2	15
247	14	10
335	20	1
418	2	38
1241	2	1
103	19	2
406	8	2
496	8	5
784	12	6
1159	11	1
493	12	10
789	8	11
796	11	1
1004	16	1
1093	15	3
226	26	1
623	13	1
634	2	4
936	19	3
1091	13	1
1096	3	1
639	6	12
686	13	3
1230	24	12
582	8	1
30	2	1
114	11	2
269	11	1
395	11	1
448	6	2
937	15	3
985	10	1
126	5	2
348	8	2
349	13	11
734	20	11
882	13	1
24	13	6
295	3	1
425	19	2
681	8	1
711	13	4
984	9	1
990	16	3
1004	11	87
1111	13	1
1090	2	1
256	14	3
287	6	1
330	11	3
652	2	7
782	9	1
90	17	3
202	4	1
316	13	19
942	2	30
1249	14	3
139	15	1
497	18	1
1004	0	2
1192	13	2
379	11	1
408	22	4
521	2	4
801	13	12
875	11	1
310	11	5
500	16	1
1214	2	6
314	0	6
1061	13	1
1252	8	8
1277	11	7
1139	8	2
77	11	2
137	14	1
625	4	1
739	13	1
967	9	1
58	3	1
302	2	2
913	5	2
572	6	1
711	19	2
965	6	131
185	4	1
200	17	2
301	6	1
305	8	6
559	9	26
1070	9	2
15	11	2
26	5	95
935	2	1
944	11	1
967	0	1
187	0	1
257	13	3
474	24	12
790	2	29
843	6	2
1098	2	8
179	4	3
228	19	4
282	1	2
319	2	2
328	11	1
273	8	3
340	9	19
922	15	1
1251	20	5
36	13	1
1147	6	72
1217	2	2
417	13	1
1214	5	1
1067	2	1
1163	11	10
73	16	2
207	13	2
588	5	1
714	19	4
948	13	1
500	17	3
613	15	114
839	13	2
1119	11	6
334	12	8
102	11	154
566	12	20
728	19	2
1235	13	2
168	22	1
259	11	4
449	15	1
587	11	4
950	11	11
420	11	3
511	5	1
943	11	1
1106	0	2
316	4	2
802	19	1
888	3	1
1046	2	6
7	2	3
610	4	1
716	19	1
769	0	1
157	6	1
394	8	1
554	11	1
605	8	1
1065	19	1
994	16	1
147	13	43
355	10	24
473	7	1
601	13	1
639	12	1
312	14	1
830	15	40
1049	2	1
78	3	1
1175	13	9
1121	4	2
1126	16	1
129	0	2
265	8	1
402	11	9
418	6	2
928	3	1
90	13	1
244	15	1
965	15	100
501	2	18
1166	6	13
282	0	3
583	11	2
584	2	1
231	15	1
489	6	11
956	16	1
1119	9	40
1174	16	2
1246	15	1
378	4	7
378	17	4
1034	13	1
1096	10	1
1111	11	4
284	11	5
650	4	15
708	2	3
903	26	1
186	13	11
314	3	3
356	2	24
436	6	1
781	2	1
340	3	73
637	10	6
957	13	1
49	11	3
464	5	2
1117	2	1
1120	14	11
1240	13	2
855	14	1
947	16	1
1166	19	23
51	15	1
79	6	19
82	13	9
133	13	1
193	14	1
1229	6	4
216	14	19
631	8	4
722	2	2
741	13	1
1025	0	5
1176	8	3
29	0	1
48	11	2
164	19	75
606	3	1
1174	15	7
91	13	2
517	0	1
280	7	1
554	3	1
692	10	1
1119	1	5
501	17	1
522	11	2
741	20	1
768	16	1
1134	6	1
46	1	1
135	16	2
252	8	1
506	18	1
966	5	5
13	2	24
675	5	1
990	3	7
99	19	1
371	2	6
591	15	4
915	2	1
118	17	1
498	13	1
875	2	8
256	4	4
1132	12	1
1265	1	4
609	20	5
798	6	4
582	6	2
588	4	2
662	1	1
878	14	328
969	8	1
452	22	32
1221	13	12
1265	5	7
9	12	2
279	5	2
884	16	1
902	2	1
854	16	1
182	24	6
377	19	40
406	3	10
421	11	1
822	14	2
179	14	17
266	5	30
371	8	9
902	14	3
1004	12	2
70	6	1
835	2	1
850	5	4
1119	13	8
1230	19	4
31	13	2
269	0	1
362	6	1
600	2	1
982	13	4
443	20	1
1114	11	1
1235	5	1
85	2	1
156	13	3
680	11	4
1082	5	8
140	0	1
426	22	3
1165	4	2
147	6	7
822	25	4
1092	8	1
209	27	2
797	20	1
990	25	5
1032	4	5
1170	11	11
6	10	1
27	12	20
179	1	7
576	5	4
464	24	1
1216	15	1
16	16	1
193	13	2
448	16	1
710	0	2
198	23	1
486	9	1
817	21	9
1135	8	1
69	15	1
327	16	1
878	0	22
918	4	1
79	15	2
122	13	6
571	11	7
888	20	6
1010	11	2
46	11	4
271	11	1
349	12	2
498	6	1
546	13	1
488	20	3
497	15	5
825	12	3
875	20	1
965	7	50
1065	3	1
538	14	2
9	5	1
190	19	1
263	16	1
288	16	1
324	25	8
94	2	1
330	20	5
617	2	1
875	0	7
1127	2	1
133	8	1
330	3	1
465	8	1
611	13	6
714	6	1
78	9	1
228	13	2
470	3	1
929	15	3
1265	22	3
165	11	1
217	10	4
766	13	1
913	6	3
1086	2	1
44	13	1
232	13	1
965	13	87
379	6	3
425	20	1
394	5	1
934	7	2
389	0	1
976	8	3
1027	1	3
1164	20	7
1195	19	10
64	24	1
408	0	2
708	19	4
1032	10	1
44	5	1
439	14	1
608	1	1
793	1	5
803	6	10
912	19	1
125	6	1
349	2	2
458	6	5
585	0	1
723	25	1
938	20	1
1188	3	1
633	2	1
98	20	1
183	16	4
441	8	2
582	20	1
593	19	1
257	19	2
965	0	76
1129	0	2
1109	9	1
948	5	1
84	10	1
86	13	6
279	20	1
402	20	3
466	2	9
791	0	30
1025	19	1
1166	4	3
279	15	2
785	11	6
1127	11	1
1143	1	1
87	11	1
279	11	28
436	8	1
1064	13	2
1085	8	1
97	19	7
541	19	1
682	2	1
677	17	3
693	15	1
1055	1	10
1269	15	4
618	16	2
796	4	3
1126	5	24
48	15	1
71	16	1
187	12	2
244	19	1
267	12	1
5	0	8
391	19	1
1030	19	1
45	23	1
1202	6	83
134	19	1
223	11	1
538	6	1
837	11	3
966	11	6
590	2	1
907	14	2
1046	12	3
23	7	6
541	2	1
889	16	1
912	6	4
980	0	1
1198	19	3
105	17	1
168	7	1
187	14	3
875	3	1
1021	16	1
303	14	1
324	1	3
393	8	5
1211	11	3
159	12	22
213	15	5
576	22	10
890	6	10
929	11	8
562	15	2
791	13	38
876	13	1
965	24	31
990	8	9
505	8	1
1221	8	24
92	2	168
193	16	1
355	4	2
394	1	1
796	20	1
1171	2	9
1203	13	1
5	8	1
29	19	2
435	5	1
444	16	1
839	19	4
1032	8	1
1173	26	1
1254	8	4
79	16	5
321	14	1
547	0	1
580	19	2
878	6	248
105	25	1
519	2	1
578	0	181
113	2	3
211	13	2
225	12	1
565	5	2
706	6	1
12	0	2
789	22	1
985	18	2
1190	19	1
1231	19	3
476	25	17
195	2	21
224	20	1
273	5	1
461	6	2
1196	19	5
252	2	3
515	13	6
1244	1	6
1147	7	16
9	10	1
252	15	1
796	22	8
920	6	31
901	13	1
1055	25	5
1217	13	1
348	5	2
406	1	3
439	1	8
582	11	5
687	15	1
1268	13	1
235	13	3
316	5	9
738	13	1
875	7	2
949	1	1
72	15	6
227	3	3
263	10	2
548	20	15
894	4	2
168	18	2
949	20	17
330	4	1
514	11	1
1046	10	2
1	2	18
446	3	1
752	11	8
164	0	8
397	10	2
448	2	6
892	8	6
71	15	1
168	20	1
386	5	2
548	19	9
896	10	2
267	4	2
801	11	4
921	16	1
1265	3	4
921	20	1
1017	5	70
1156	6	2
1264	13	3
558	3	2
995	19	2
1235	19	3
284	5	1
408	13	4
823	7	3
1113	11	8
965	1	42
240	8	1
308	2	11
439	6	32
572	2	13
694	0	1
263	4	5
1099	15	2
283	9	1
385	8	2
894	8	1
1160	10	11
209	8	2
297	13	1
333	4	12
641	2	1
48	20	2
446	19	3
474	11	16
489	8	2
888	4	4
439	18	1
891	5	1
925	2	19
673	11	5
872	13	3
878	5	1
977	11	1
238	2	22
355	20	4
994	8	1
1107	2	1
190	10	3
473	4	3
1064	2	13
1071	17	1
1119	0	2
173	1	1
179	19	16
521	22	4
1123	20	15
103	14	1
376	11	1
556	0	1
759	4	3
976	13	3
881	5	2
1263	15	3
1183	0	1
326	20	8
228	11	7
479	19	2
537	7	1
910	24	1
1069	10	7
76	11	2
84	14	15
234	13	6
911	8	3
904	2	2
1183	1	2
1147	25	2
483	8	7
556	9	1
817	3	6
965	14	1
1132	11	1
643	5	2
966	19	2
1047	3	15
69	20	10
280	5	2
333	16	2
362	7	3
481	2	1
1247	19	1
158	8	1
316	10	5
1233	11	2
82	10	1
466	14	3
689	7	4
966	15	8
9	8	14
64	15	1
704	13	1
1265	11	1
249	16	13
317	3	1
1010	14	2
273	15	1
1189	22	4
1233	8	1
344	5	1
413	8	1
538	12	1
1060	12	1
1259	13	1
778	20	1
917	25	3
27	3	12
240	19	5
408	1	3
582	1	2
593	11	5
1240	4	1
205	12	1
263	2	1
357	6	2
506	13	1
1101	13	9
506	11	1
796	14	3
154	6	2
340	8	1
556	19	2
1035	5	1
917	19	2
1004	9	1
1147	19	5
146	0	1
355	16	1
473	11	1
566	6	3
700	8	4
767	2	1
921	5	1
1195	8	8
173	25	9
230	13	1
335	13	3
442	0	1
514	7	3
57	11	1
236	6	1
1004	18	3
119	2	1
439	11	12
1232	18	1
378	5	6
488	11	5
501	22	1
1062	17	26
71	11	2
187	6	4
256	7	6
356	6	2
1004	15	5
330	15	1
338	20	3
445	5	1
451	17	5
788	24	1
565	0	1
633	8	1
1254	15	3
84	5	126
221	5	15
857	13	1
918	12	1
1233	13	2
868	11	7
1092	2	4
4	6	179
111	1	2
261	8	2
330	6	1
850	25	8
191	8	2
238	11	3
575	13	1
625	19	2
913	15	2
437	19	1
946	23	1
1258	11	1
69	13	1
347	4	1
1037	2	18
1242	18	1
617	11	1
689	5	1
1031	12	3
1070	5	2
1206	11	1
906	19	10
50	6	21
653	21	1
913	12	1
955	6	1
985	13	7
990	2	1
1017	3	79
1065	6	1
979	1	5
990	9	3
895	0	1
971	11	2
612	15	2
737	3	1
800	11	4
815	8	2
844	15	1
292	2	20
587	12	1
654	19	1
918	6	2
1098	4	7
67	11	3
273	19	1
870	2	1
997	0	1
1096	14	3
1159	6	2
37	12	1
791	15	7
964	19	3
971	18	1
1147	11	167
356	14	4
779	9	4
888	7	3
956	25	1
1150	14	1
164	25	30
427	13	1
881	1	5
1061	17	22
1169	18	1
827	12	6
830	5	9
990	15	13
1265	18	1
244	12	19
329	16	1
329	8	2
821	8	7
29	15	3
306	11	4
915	8	2
1182	6	1
37	13	15
402	12	45
787	19	2
1020	13	2
1235	15	1
642	13	1
855	20	1
493	20	2
665	11	19
704	11	2
1180	11	1
700	14	4
950	2	17
300	15	1
341	8	7
937	8	1
1091	19	3
1221	12	9
54	13	1
79	13	6
84	15	15
97	13	8
729	15	1
1053	13	1
1199	15	5
171	15	2
583	10	1
913	11	2
934	16	1
972	13	1
497	19	1
518	11	1
844	23	1
13	13	3
556	4	6
1191	15	4
359	9	2
396	19	5
67	2	22
213	11	1
288	18	1
1230	1	3
690	11	1
1175	5	1
37	0	15
219	0	17
335	19	2
382	10	1
556	2	3
1246	6	4
314	6	4
950	15	7
127	6	2
794	14	2
794	22	2
1113	13	13
459	1	1
1162	3	1
1128	22	1
1249	3	1
316	6	18
514	19	3
854	13	7
1027	5	4
1084	11	2
84	1	76
364	16	2
803	11	13
830	12	50
935	11	2
944	8	1
745	25	4
1197	13	1
61	6	1
200	1	3
271	19	2
327	6	4
930	11	1
989	0	24
1151	9	3
1172	10	1
225	11	10
271	20	1
318	21	17
337	19	1
633	3	1
1251	10	1
162	21	4
728	6	2
935	20	1
1131	15	1
1155	3	67
682	8	2
718	18	1
724	11	1
853	15	1
521	12	2
577	8	3
776	25	1
156	18	1
231	20	2
234	2	2
279	19	3
504	25	1
929	19	1
1000	0	1
1112	6	4
74	19	4
125	2	1
340	2	1
234	19	6
347	6	1
393	16	3
1147	1	5
27	15	5
140	8	1
219	15	3
1202	3	148
126	14	3
518	13	4
830	8	143
915	5	1
926	14	3
929	13	3
940	2	1
147	19	23
202	10	4
316	14	21
354	13	1
500	11	1
240	15	2
267	13	1
803	20	1
655	2	42
859	0	4
1263	22	7
212	20	2
663	2	1
906	15	2
950	5	5
1184	12	1
368	2	1
618	9	1
700	11	3
970	8	1
264	2	5
802	6	1
1070	8	1
168	2	2
868	0	3
1080	6	2
28	8	1
164	5	30
202	8	1
269	4	3
830	18	1
1110	8	2
1210	1	1
117	22	6
175	13	1
425	14	1
443	13	1
632	19	2
14	6	2
791	18	1
984	6	1
1247	11	10
80	0	1
97	6	1
182	8	9
397	12	11
543	12	4
1205	5	1
27	19	7
155	21	2
209	4	1
876	16	1
883	13	3
298	11	2
596	6	3
913	17	7
924	25	1
1126	19	1
1196	8	3
151	2	1
157	2	5
288	24	5
955	8	1
1170	2	3
84	2	7
154	2	1
439	19	8
1037	15	3
147	9	1
701	11	1
946	19	1
66	0	1
234	15	10
379	0	1
796	10	10
812	0	3
256	13	1
606	11	1
412	11	4
731	19	1
804	5	4
862	20	1
327	13	2
615	4	2
643	15	16
740	9	1
794	0	1
193	2	1
406	15	3
464	8	1
467	13	1
611	11	3
896	13	13
921	15	1
438	3	1
766	6	1
791	1	9
850	2	1
860	14	1
98	7	1
235	16	1
465	13	1
324	19	2
1223	19	7
258	1	5
367	6	24
859	16	1
921	22	123
1250	11	1
1138	2	1
1212	11	1
53	15	1
84	9	16
270	15	1
390	13	2
849	4	1
236	11	1
889	17	1
1066	15	1
235	11	1
832	11	1
425	2	1
870	13	4
1091	0	1
79	19	3
1147	2	32
1249	7	11
67	10	3
958	5	1
1046	20	2
1202	0	101
1271	15	2
1221	19	29
345	24	2
503	0	1
524	10	1
912	15	2
1051	19	1
1226	0	1
1230	8	4
202	6	8
310	1	13
612	2	17
741	11	2
825	8	3
948	15	2
257	15	2
321	0	1
430	6	2
591	8	2
728	14	2
324	16	1
431	13	9
1261	2	1
1277	3	1
41	11	1
379	24	1
700	16	2
307	9	7
392	20	2
1036	19	1
1245	13	1
886	21	1
1225	2	2
324	2	2
456	1	2
464	7	1
676	13	3
729	5	1
13	15	3
609	6	9
1161	19	2
1129	5	1
1256	11	2
448	8	4
678	8	2
777	8	1
1039	6	1
1049	15	1
194	19	1
426	2	3
908	6	1
999	19	1
735	11	2
913	8	6
939	5	1
219	13	59
295	9	1
370	11	3
485	2	58
700	15	2
988	0	1
1249	2	1
1131	8	1
1146	8	1
1172	6	3
81	20	1
84	0	150
179	3	82
269	14	8
740	20	1
1132	14	5
1255	21	2
228	18	9
713	1	24
869	13	8
993	13	7
1126	6	1
989	8	21
293	13	1
364	6	1
740	13	7
875	14	4
948	11	4
172	13	1
173	11	1
560	5	2
569	10	8
1133	13	7
136	19	1
162	24	2
279	0	2
991	18	2
133	18	2
324	6	6
366	8	1
803	13	41
1163	0	3
329	14	2
819	2	1
1017	1	2
1239	5	5
97	18	1
289	5	1
678	9	2
1249	20	47
742	10	5
1242	14	1
178	20	1
272	4	1
403	11	1
521	4	2
1031	14	1
20	2	1
27	20	11
673	2	14
875	6	3
1246	1	1
199	8	1
219	5	2
501	24	3
1073	10	1
1102	11	10
92	5	6
576	13	5
642	2	8
644	15	1
870	15	1
519	19	1
556	13	1
631	15	1
1093	8	4
1102	6	15
27	8	5
340	13	2
700	5	2
53	4	2
729	0	1
1165	6	1
1197	14	1
740	6	1
796	19	1
989	6	26
24	11	2
255	11	1
310	6	6
519	8	2
577	13	6
1196	15	1
1208	6	1
1247	2	1
362	20	10
689	1	1
768	13	1
1094	2	3
35	19	1
500	2	1
1166	15	2
84	11	30
440	6	1
731	3	3
956	1	1
1227	6	9
378	10	2
426	4	2
624	8	1
875	13	12
1179	6	1
333	11	6
878	10	17
1183	18	1
153	5	1
1123	8	5
637	12	1
860	0	1
1055	9	3
1151	16	2
1230	20	4
187	26	2
303	11	1
636	15	1
788	2	2
1031	20	7
484	7	7
836	2	30
965	9	10
1054	17	8
1143	2	1
209	14	3
251	16	1
394	11	1
1196	2	9
1249	21	1
402	6	185
777	15	1
830	17	92
107	20	1
132	13	1
263	0	1
276	10	6
356	11	2
1119	3	3
333	9	2
1031	4	1
1183	14	1
158	5	4
302	13	1
521	13	1
1182	20	1
34	14	1
644	11	2
689	20	6
1043	13	1
1165	11	3
664	13	1
1064	19	1
1253	3	1
1249	11	9
216	13	3
338	15	1
439	13	12
918	14	3
1221	11	3
89	21	1
109	6	1
659	11	3
758	11	2
966	14	1
234	0	5
242	17	1
318	16	3
506	2	8
571	22	22
893	19	1
44	0	1
96	6	4
548	5	4
571	6	9
582	13	1
203	5	1
322	8	6
955	1	4
1050	13	3
157	11	1
187	4	6
514	0	5
648	13	1
687	2	6
203	13	1
341	13	1
1165	2	1
1245	11	1
1246	2	3
323	15	7
329	5	4
583	15	3
838	17	1
1183	8	2
1098	13	2
29	11	15
64	12	6
164	13	20
245	15	1
612	13	16
416	11	6
483	5	11
523	5	1
712	6	2
112	13	4
138	24	1
468	11	1
376	6	1
840	19	1
1037	13	23
1118	19	2
209	1	4
255	6	1
506	8	2
689	4	5
955	5	1
475	17	18
479	8	4
779	2	2
797	5	1
219	2	48
966	2	1
1221	1	5
1251	13	5
126	8	2
643	18	2
695	13	1
1265	19	1
1059	2	3
1091	14	2
1113	6	16
273	3	1
406	19	3
708	12	4
921	13	7
1057	15	3
276	6	1
1019	17	1
1065	25	1
1093	12	1
325	4	1
668	6	1
708	15	5
1031	11	12
1061	4	3
993	16	4
1203	4	5
235	12	2
577	16	1
740	11	9
762	6	61
909	2	1
565	20	4
694	5	2
571	19	4
589	2	1
1133	15	10
1192	2	1
961	15	1
1132	6	7
1221	15	7
27	21	2
84	16	3
177	0	1
511	13	3
540	2	4
580	13	43
671	12	2
955	12	1
1230	5	9
1271	8	2
521	5	3
1057	1	2
1172	20	1
1196	13	2
119	19	1
84	13	28
675	17	5
996	11	1
1162	11	1
656	13	2
990	19	13
217	11	3
390	8	9
404	0	1
560	8	1
571	8	10
689	8	1
754	1	4
936	20	11
961	13	4
1149	10	1
855	4	3
479	10	1
682	6	1
878	1	62
949	7	3
215	5	7
311	13	1
517	11	8
892	19	7
1180	15	1
529	11	1
703	6	1
822	19	1
950	17	16
1028	14	1
1229	13	9
159	14	1
167	11	29
494	15	1
693	19	1
921	18	5
56	1	11
160	11	1
719	6	1
1004	10	3
268	19	1
333	19	13
551	2	3
552	19	1
776	9	1
378	19	4
784	20	3
800	25	1
9	13	2
234	14	5
280	11	1
337	10	1
372	2	3
442	2	4
478	5	1
876	10	7
97	8	2
97	17	8
235	15	5
288	8	1
324	7	1
969	3	1
976	3	1
1240	11	4
286	12	14
755	6	7
330	19	1
571	7	5
1225	4	1
393	6	23
39	11	2
394	13	1
492	9	1
1084	2	1
202	7	2
241	20	3
296	13	1
1172	4	1
729	13	3
900	11	1
921	19	7
119	1	2
194	11	2
426	20	5
566	2	5
700	20	4
986	11	2
152	25	2
992	2	1
10	12	2
990	1	21
893	20	4
912	0	2
950	19	4
1246	3	1
37	20	5
335	3	5
947	13	7
293	6	2
327	4	1
1109	11	2
231	23	2
287	15	2
418	11	3
650	13	5
792	16	1
27	11	85
37	19	50
280	13	1
454	9	14
489	12	1
660	10	1
764	8	1
263	13	3
371	11	2
908	2	3
1119	6	26
1246	5	5
101	6	1
752	6	1
848	5	2
965	11	965
1166	2	5
408	19	1
579	2	2
644	6	5
281	11	1
548	15	14
788	5	1
732	8	1
829	8	1
131	18	1
269	2	3
679	11	3
878	22	97
1273	19	1
11	2	1
93	13	4
599	20	8
998	8	19
1102	20	5
349	20	2
717	13	4
1074	18	1
1250	0	1
689	10	1
913	16	4
990	6	48
323	8	3
556	18	1
946	6	29
965	2	43
107	12	1
258	10	6
318	9	1
425	21	4
509	10	1
164	3	33
401	8	1
932	8	2
1050	6	2
103	13	1
1118	15	1
1127	12	3
1180	9	4
179	10	9
288	15	1
519	20	1
572	11	1
744	11	1
284	15	1
611	22	2
1063	10	1
1091	4	8
1211	2	3
1	0	3
867	2	6
951	13	2
1032	16	1
1123	2	7
501	5	1
886	22	3
1098	0	1
117	11	1
119	7	3
131	5	1
340	15	3
862	19	1
1213	0	1
1230	0	3
1250	20	1
379	7	3
473	5	2
670	3	1
993	11	13
1096	0	1
489	16	3
966	17	1
1225	14	1
182	16	1
216	4	1
275	6	5
394	2	2
1056	13	1
9	2	16
364	3	4
467	12	1
774	13	1
861	22	3
565	15	1
154	14	1
168	5	3
271	12	2
379	20	2
416	24	1
1041	5	1
1048	6	1
1093	19	1
480	6	3
483	14	7
648	11	3
823	19	1
886	13	31
63	13	1
263	20	5
721	8	2
990	20	7
1156	14	3
260	18	2
316	11	20
889	11	2
1249	8	5
1251	12	3
266	1	12
599	13	15
624	15	1
860	11	5
1233	0	2
399	5	1
843	17	3
209	5	6
408	5	1
803	8	7
821	13	15
834	13	2
551	11	2
728	16	1
1017	18	6
1232	5	1
1100	19	1
27	13	7
140	9	2
342	2	6
571	14	4
634	5	1
911	14	8
373	13	5
378	7	3
694	6	1
783	15	1
878	20	29
483	11	17
711	20	2
683	5	1
825	11	5
310	19	1
731	7	3
612	14	2
702	22	12
1230	25	3
711	8	11
890	0	1
911	9	1
941	11	1
1212	13	4
120	25	1
479	11	3
16	5	9
690	13	1
1051	12	1
1124	19	3
1144	17	2
158	13	2
548	2	41
1103	17	1
742	7	1
872	8	4
888	8	9
81	4	1
225	20	2
378	8	6
505	19	2
661	9	3
1051	10	1
1184	19	6
521	24	1
678	19	1
1091	15	2
1159	8	2
179	6	16
684	4	1
776	5	1
1093	2	15
1189	8	1
982	11	7
432	11	11
565	16	2
662	13	1
796	12	13
965	18	114
639	0	2
947	5	7
959	24	4
279	6	3
813	1	1
1019	0	1
456	2	1
820	8	1
1004	27	1
1081	5	1
252	9	2
355	12	15
693	1	2
1186	15	10
162	8	2
164	6	101
565	6	8
680	8	7
990	7	1
72	19	2
282	16	2
572	13	14
1133	2	5
184	2	1
364	5	1
1032	22	29
258	4	8
911	6	11
379	13	5
458	21	9
583	22	2
946	9	5
1032	13	4
6	5	1
266	8	1
571	0	1
587	20	12
746	20	1
592	10	1
787	6	2
1174	18	10
200	19	1
300	8	2
394	15	1
408	6	1
473	8	2
84	3	3
163	11	1
282	2	1
1031	17	4
1166	20	3
52	2	33
82	19	1
124	2	1
997	13	2
1004	6	9
103	0	1
130	8	30
570	6	1
1249	22	16
604	13	2
696	13	3
757	13	1
882	5	1
1072	3	1
1108	13	1
128	7	1
293	19	1
625	6	4
717	1	1
821	2	9
164	18	17
179	20	18
732	19	1
1196	12	33
65	16	1
324	15	3
599	3	9
760	7	1
777	11	2
639	11	5
252	5	1
760	20	2
917	3	4
1051	11	6
1103	2	1
1141	5	1
1278	14	4
231	0	1
637	13	6
830	4	123
1023	0	8
1102	3	6
419	2	57
531	13	1
1085	2	1
448	11	6
888	10	6
1068	8	1
912	18	2
1017	0	1
1186	16	3
162	20	5
453	11	9
521	15	1
797	6	1
879	25	1
1118	2	7
1229	1	3
310	8	5
90	8	1
501	4	1
548	3	6
676	8	2
1031	8	2
1148	2	2
1172	8	2
69	6	7
291	19	1
404	11	4
545	15	2
1017	9	6
569	4	6
14	5	1
415	6	1
911	20	5
965	8	118
1230	2	3
528	0	1
613	6	60
1049	5	1
947	18	5
147	20	10
185	11	1
489	2	7
670	13	2
703	11	1
547	15	2
889	4	1
1186	20	2
1253	19	1
409	13	3
442	11	1
512	13	1
1069	6	3
572	19	3
648	8	2
980	8	1
990	10	8
1174	2	2
234	1	20
314	11	12
796	5	2
833	19	1
943	8	3
1231	8	13
219	8	55
448	15	8
538	15	1
689	2	6
700	12	4
97	25	23
202	14	4
439	22	60
521	10	1
950	8	4
946	5	4
947	19	13
1030	2	1
48	13	4
244	2	53
576	1	1
668	24	1
878	12	5
1236	6	1
1268	19	1
318	15	9
517	5	2
567	2	1
358	13	1
460	20	2
913	2	4
252	11	2
680	15	2
731	22	7
785	20	8
339	10	1
683	13	1
1065	13	29
1147	8	2
69	11	4
119	22	2
126	15	6
340	1	2
347	8	1
401	25	2
776	22	5
854	5	1
150	13	1
158	11	4
206	11	1
497	5	9
639	2	39
730	9	12
92	25	1
163	5	1
335	24	1
412	16	3
483	13	12
843	5	2
296	11	1
741	12	2
302	12	6
387	8	139
780	24	2
786	5	1
1096	5	1
116	19	5
259	20	26
404	5	1
580	11	2
1095	1	1
803	2	24
831	3	13
711	0	3
209	22	7
263	14	4
290	8	3
419	13	1
477	11	4
1132	13	18
288	2	3
327	11	1
439	10	2
985	2	1
1004	19	5
242	9	1
310	20	1
634	3	1
822	6	7
1087	2	3
699	11	1
1168	6	11
64	6	5
658	8	1
950	0	4
1011	2	1
665	0	6
807	2	3
1102	15	5
1166	7	2
1	3	3
455	8	1
1211	19	3
936	11	10
1185	14	3
279	10	2
408	20	1
565	12	3
660	14	1
875	17	8
37	15	4
60	22	2
336	5	35
380	13	1
1061	10	1
561	14	6
591	13	1
650	9	3
921	6	6
956	26	1
97	22	1
441	13	3
921	2	4
634	16	1
645	2	2
861	8	4
1212	17	1
1269	16	5
349	14	8
501	14	2
729	8	1
850	16	1
1127	15	1
352	4	4
964	16	1
477	14	4
565	13	5
681	15	2
16	13	6
333	1	3
358	12	2
370	0	1
397	13	13
1198	25	10
1057	5	12
107	15	2
164	9	25
404	15	1
470	24	2
843	13	6
269	21	1
364	14	12
750	8	2
1069	4	8
1045	2	3
1069	14	11
1265	2	10
38	0	1
594	13	1
629	7	6
839	8	1
957	14	2
591	0	1
1066	11	2
1113	2	25
48	16	1
126	13	5
365	4	2
379	2	15
561	20	1
103	15	1
751	8	1
72	16	1
1045	4	2
483	10	9
822	8	5
1196	17	13
1199	2	2
776	19	4
806	13	3
1000	6	1
193	12	3
248	18	4
252	6	4
791	6	5
142	6	2
689	19	3
810	19	4
1202	9	613
225	2	1
263	1	1
191	2	3
395	20	2
961	5	1
1016	17	2
1221	18	1
258	8	4
476	2	1
492	6	3
975	2	4
1187	2	1
222	5	1
338	11	2
689	6	3
1051	20	4
244	10	2
635	3	1
784	8	2
164	12	14
171	8	1
287	11	11
1142	9	49
912	8	31
267	11	1
597	10	10
717	0	1
865	2	3
870	11	3
576	8	3
768	2	3
192	2	2
260	6	1
286	15	1
378	12	2
457	13	15
1275	13	1
141	8	1
680	13	1
998	5	2
1049	14	1
1113	5	3
1019	13	1
1268	24	1
119	16	1
265	14	7
402	0	7
566	8	6
676	16	3
771	1	1
433	11	1
788	19	3
1045	14	7
209	24	5
950	20	4
323	2	12
620	13	1
742	5	1
942	13	5
21	0	1
625	10	3
662	15	1
924	10	1
1015	13	1
24	18	1
228	8	17
548	18	1
965	4	10
1021	13	7
1096	16	2
279	4	2
729	3	1
1098	5	1
1156	11	1
235	6	1
575	20	2
643	8	3
769	19	1
924	6	1
852	11	2
69	1	1
159	20	5
182	15	1
220	2	434
329	19	2
142	20	1
418	19	32
576	2	3
634	14	2
675	7	1
966	6	3
1151	13	5
1175	4	6
163	21	17
328	1	6
565	17	9
929	6	6
1151	6	10
966	8	1
1265	0	3
27	10	2
110	3	1
349	11	1
617	13	5
965	20	1
621	2	2
638	5	1
159	10	1
788	15	1
936	17	2
1159	18	1
946	1	2
104	25	4
639	4	2
725	23	1
728	11	7
830	13	29
800	0	2
1019	7	2
1109	22	2
360	5	1
539	2	1
997	15	3
1221	20	4
1262	10	2
171	13	7
200	0	2
355	8	10
889	13	1
947	10	3
472	2	1
521	11	6
1041	12	1
1129	19	1
333	3	11
542	9	2
806	2	1
473	20	1
549	11	2
381	13	1
531	15	1
1109	15	1
1206	8	1
517	19	6
522	19	1
536	8	1
971	1	1
1114	15	2
298	2	1
622	2	100
729	20	1
1118	14	4
104	2	12
488	10	21
496	13	6
1028	11	2
61	0	2
1277	8	4
60	24	1
124	16	1
740	2	3
816	2	2
835	6	1
276	11	6
1003	2	1
126	17	7
171	6	4
290	5	2
73	13	5
545	16	1
686	2	1
758	9	1
878	3	3
726	15	1
1222	8	3
1246	19	1
1	4	5
37	22	18
113	16	1
357	2	14
1091	10	2
330	13	2
921	4	14
942	15	3
997	7	4
199	22	9
545	13	2
363	13	1
489	11	19
908	13	9
916	17	3
920	11	10
1139	10	6
145	8	1
517	2	12
683	11	2
687	11	1
1113	0	2
670	11	1
777	19	2
1088	11	7
1089	6	6
791	8	4
1004	14	5
1198	0	4
179	5	11
266	19	1
501	7	1
874	14	1
877	0	3
513	16	1
1266	4	20
8	11	1
257	2	27
1147	5	49
1158	16	1
471	3	11
676	14	1
1038	2	2
1139	2	6
1240	2	1
267	2	27
612	19	2
1102	0	1
1249	9	2
1265	14	3
202	9	2
519	11	7
556	20	1
1126	15	13
301	13	2
574	5	1
750	22	15
332	1	1
483	15	18
1109	8	3
84	6	17
103	11	3
168	13	3
638	20	1
1247	0	4
97	14	3
338	19	3
1057	13	3
1040	8	1
1057	2	39
1099	5	2
69	7	19
395	0	1
547	5	2
882	6	1
937	3	1
1051	13	3
1189	21	1
354	8	6
374	11	5
993	4	1
993	5	1
1045	20	4
1116	6	1
111	6	2
279	16	2
304	13	1
731	2	2
731	20	3
318	3	7
598	7	1
819	11	1
926	13	2
728	13	1
154	0	1
212	13	1
228	6	4
599	11	30
672	10	3
70	8	1
1227	14	2
335	10	1
937	11	1
1004	25	4
1246	8	7
1241	6	1
1277	20	3
301	0	1
667	15	1
924	9	2
1045	16	4
1093	11	6
289	19	8
353	2	1
997	12	3
1030	11	2
795	15	1
1277	12	4
378	16	1
418	15	7
822	16	1
894	14	1
1251	8	1
612	20	1
637	4	1
978	8	1
1096	4	5
1168	0	1
23	12	11
241	8	1
777	13	1
1156	4	1
333	0	1
997	8	1
124	6	2
1099	8	3
1193	3	1
917	15	11
209	6	9
439	15	3
164	20	25
231	24	3
521	0	4
583	14	1
1006	10	1
1066	13	1
72	8	4
272	16	1
479	13	5
742	20	10
1033	15	1
69	5	1
878	25	78
1022	6	2
1035	11	1
1113	20	24
12	11	1
821	16	1
1175	7	17
1076	21	4
1108	11	1
1165	19	2
13	5	2
408	8	5
556	6	5
1004	22	1
1019	3	1
1096	12	25
319	15	4
742	4	1
285	8	2
356	13	3
706	12	1
731	24	7
868	16	1
902	10	1
938	2	9
910	16	1
1004	21	1
1127	13	1
119	8	2
282	11	5
310	4	8
731	1	3
797	13	1
1167	13	5
1240	20	1
360	13	4
545	3	1
990	5	20
1089	13	1
1096	11	7
699	10	1
1120	10	2
69	14	1
607	4	2
634	11	8
649	2	4
681	19	1
617	6	1
1220	8	2
88	2	1
1104	2	1
1277	7	1
275	13	41
605	19	3
179	12	9
808	7	12
1060	3	2
1071	5	2
42	19	1
338	5	2
686	15	1
689	11	1
817	15	21
871	5	1
439	7	10
1113	3	1
942	25	1
64	8	1
448	13	2
520	2	35
880	2	1
887	2	1
1270	13	1
563	19	1
580	16	2
796	2	18
963	11	3
1011	5	1
566	20	1
1140	13	4
470	2	1
582	9	2
630	19	1
947	0	2
1005	13	2
1050	1	3
1067	10	1
1237	13	4
59	8	1
142	3	2
367	2	2
501	10	2
820	16	2
1272	18	2
1104	1	1
168	15	5
318	6	16
324	5	1
556	5	2
880	4	1
525	12	1
971	5	1
82	6	5
409	5	1
650	11	2
1008	11	1
258	18	1
566	4	1
616	6	1
676	2	3
37	6	3
53	13	1
440	11	4
564	10	1
915	16	1
202	13	2
355	13	26
728	8	1
744	14	1
1249	18	6
437	1	1
570	11	2
577	11	6
731	0	2
784	11	7
523	2	48
1017	19	1
1050	5	1
1221	6	15
72	12	12
199	19	1
367	11	3
483	3	22
714	8	11
3	5	1
742	2	1
936	0	10
1113	10	2
1171	11	4
1153	6	7
1246	10	2
43	2	1
111	8	1
354	6	7
1119	16	1
1132	10	1
432	2	13
708	11	80
462	8	1
639	19	6
894	13	2
935	15	3
917	9	3
24	1	2
295	11	1
587	13	3
676	11	1
689	21	2
24	8	1
188	6	1
274	11	1
378	15	4
847	13	1
288	6	3
321	8	1
516	13	2
911	12	6
1007	20	29
1065	7	5
27	0	3
483	25	3
508	2	1
793	25	4
911	19	2
278	11	4
888	11	1
888	2	4
199	5	1
356	0	2
617	0	1
667	20	1
756	6	1
556	14	3
1060	8	1
1212	2	62
9	11	3
169	1	1
234	10	4
774	15	1
1204	11	1
1245	22	1
245	20	1
561	12	2
612	5	3
976	5	3
1167	11	3
147	3	5
250	8	5
492	13	1
747	10	2
1119	8	1
1018	5	8
1109	13	1
1186	8	7
91	5	1
166	19	1
526	6	29
593	5	3
796	8	8
1277	5	2
133	7	1
460	13	11
479	1	1
1057	11	2
201	9	1
371	16	1
399	8	2
721	0	2
981	15	1
603	11	1
163	8	1
685	11	1
1023	5	3
1167	22	1
732	13	1
936	3	3
1103	13	3
191	13	1
282	15	17
429	6	1
615	13	1
626	1	1
788	14	1
860	13	1
921	11	1
182	11	6
338	2	6
768	20	2
913	19	1
108	15	2
192	13	4
532	11	1
612	17	13
825	20	3
497	13	3
645	4	16
1050	16	1
64	17	1
67	14	9
104	8	5
164	7	59
183	6	4
878	19	51
7	11	1
179	24	2
318	13	4
558	19	2
820	6	1
266	15	12
447	8	1
521	16	1
547	19	1
899	13	2
13	4	4
827	19	1
1094	13	1
234	16	1
321	19	2
865	5	1
1014	13	5
207	12	3
476	8	1
1249	0	5
219	6	12
608	13	2
748	11	1
1181	1	1
1207	2	13
854	18	1
990	0	13
1267	4	1
79	8	1
273	11	6
303	8	2
460	3	1
475	20	3
179	2	2
364	10	1
699	6	1
778	4	2
886	8	2
637	0	2
973	5	1
54	6	5
84	19	214
141	5	2
271	2	4
487	22	14
1051	6	12
1227	11	6
79	7	1
749	6	10
911	10	6
1129	7	1
1135	16	1
582	15	3
677	3	1
907	5	1
338	13	4
373	11	6
488	13	4
501	15	1
541	11	16
194	6	5
1000	13	1
1230	15	12
73	11	16
526	12	18
769	16	1
1198	1	8
1027	2	2
1121	3	1
1240	0	1
182	19	1
187	2	1
234	11	32
470	12	2
1001	12	1
122	9	3
267	20	1
1163	20	2
1169	11	1
346	12	1
409	15	1
498	5	1
714	2	1
794	13	2
167	13	66
168	10	1
461	15	3
874	19	1
299	11	1
497	1	1
1157	10	6
1187	19	2
162	11	2
392	1	6
496	6	26
938	12	1
97	15	7
634	4	1
989	12	3
1023	15	4
1075	3	2
911	11	1
1125	14	1
1215	13	1
32	19	1
561	4	5
27	1	2
425	4	1
491	7	1
1080	0	1
84	22	37
260	1	2
316	19	5
521	8	1
565	7	4
5	7	1
231	8	4
341	6	1
614	8	1
1147	14	9
14	4	1
637	11	1
1109	4	3
1175	19	1
1194	4	1
470	4	1
1080	19	1
48	2	11
97	1	3
196	24	2
425	7	3
682	18	1
924	5	2
37	1	1
172	11	1
555	2	1
803	4	3
24	9	1
642	6	1
646	3	5
888	19	2
698	19	1
911	2	18
1089	10	1
9	14	5
179	15	16
270	8	1
333	10	1
912	5	17
404	13	3
148	19	2
857	4	1
969	6	2
1044	2	35
247	4	10
576	6	8
728	12	3
992	8	3
1007	11	8
347	11	3
634	8	1
910	19	2
309	26	1
323	11	2
545	8	3
678	6	1
975	13	1
90	2	6
246	19	7
885	8	2
894	16	3
1166	5	2
463	13	5
709	6	8
851	15	1
935	6	1
1204	15	1
464	2	4
650	8	1
1229	16	3
867	13	4
924	19	16
397	2	6
460	0	2
689	12	2
808	21	4
847	2	5
1109	10	1
1115	6	4
1166	14	2
122	6	2
376	2	1
556	21	1
771	25	1
785	12	1
371	6	15
794	2	2
1032	15	6
1249	1	33
91	8	1
571	2	1
678	3	1
187	10	1
53	2	5
998	19	1
73	19	11
101	11	9
256	15	1
313	2	1
352	11	1
857	10	1
927	14	1
20	12	1
193	20	1
359	0	2
365	15	1
370	22	3
803	0	2
805	0	1
1234	11	1
123	15	1
416	25	1
556	11	2
71	6	2
295	15	1
553	5	1
592	15	1
1166	12	2
68	11	2
895	6	1
221	21	2
269	13	1
640	8	1
653	14	11
935	1	1
147	14	7
354	7	1
450	2	6
697	1	14
761	0	1
164	21	20
187	19	1
276	14	1
576	10	6
945	21	1
68	5	1
240	11	4
314	13	3
577	2	3
156	8	1
179	9	5
729	11	3
1024	25	1
951	1	2
965	25	20
1227	4	2
18	1	1
119	10	1
329	11	2
406	9	2
556	3	1
294	2	1
592	0	1
1173	13	1
174	0	1
818	0	1
989	2	14
1114	13	1
1154	2	2
379	16	2
426	5	1
609	8	4
1166	16	2
1175	3	14
12	6	14
1207	5	1
1051	14	2
1077	20	10
1196	11	2
282	13	17
700	0	3
869	11	3
892	7	4
935	13	3
973	8	3
847	11	6
164	10	21
591	16	2
607	5	1
696	20	1
784	13	5
571	5	3
867	11	4
216	11	1
276	12	38
378	14	6
425	12	1
482	13	1
1247	6	5
164	8	41
599	0	3
989	19	21
989	11	48
997	16	2
24	16	1
473	15	1
546	0	1
548	13	7
797	15	1
69	2	1
27	4	4
179	8	3
1037	8	11
105	13	5
261	16	3
680	2	4
1201	2	1
731	9	2
1251	2	11
1247	13	6
14	2	1
173	15	1
204	11	1
843	8	1
1165	12	6
147	2	42
317	0	3
613	8	5
892	11	1
207	2	7
1096	20	5
1151	15	1
1244	3	1
994	14	1
1080	24	1
1096	19	3
1123	13	12
1163	4	3
249	19	4
280	19	1
333	14	1
915	25	4
921	8	2
103	2	18
990	11	17
947	11	24
1243	11	2
64	11	5
309	12	3
580	8	1
828	11	1
875	1	4
97	21	2
1089	20	1
1093	13	2
1174	6	2
82	11	11
355	15	4
462	17	1
700	1	1
1118	10	1
1046	11	7
1118	11	7
1163	6	25
163	3	3
179	13	5
364	19	1
612	8	1
824	2	1
1189	15	6
84	25	1
910	6	3
1126	8	28
1211	3	1
234	9	17
681	1	2
1270	8	1
1166	8	3
680	5	4
808	20	5
968	18	1
990	24	1
1139	5	1
527	16	2
693	2	3
888	5	5
67	8	8
207	0	1
395	2	2
460	11	10
461	8	3
1161	8	1
581	2	1
100	11	4
418	5	4
493	11	4
791	11	11
947	2	105
796	24	8
875	4	4
1247	3	20
1077	2	5
1263	3	1
53	8	1
420	3	1
742	12	9
765	18	1
892	15	1
187	22	5
557	5	1
787	0	1
878	18	58
243	13	3
868	6	4
280	2	3
844	5	1
1032	14	1
1183	16	1
1277	19	8
503	11	15
587	15	4
796	6	129
843	15	1
1119	19	4
97	0	1
215	6	2
1046	19	1
1147	10	15
285	1	3
554	24	1
133	20	2
361	19	1
522	2	4
949	11	11
1249	4	7
210	8	4
284	13	1
501	3	1
625	14	2
800	2	2
217	3	21
845	15	5
875	16	1
53	19	2
318	19	14
161	13	2
300	16	2
500	15	1
731	6	22
228	15	1
587	5	4
811	18	1
917	16	1
1233	2	11
164	24	12
1265	4	1
1183	19	2
154	11	3
439	5	3
1212	26	1
936	8	2
969	2	1
1000	11	1
290	15	3
308	11	3
367	14	6
488	14	2
855	5	3
973	13	2
335	6	2
389	2	11
412	0	1
465	11	5
873	10	1
550	4	1
753	16	1
911	4	1
1265	6	2
910	15	1
1083	13	1
115	2	13
411	3	25
411	25	3
439	8	1
599	8	14
64	5	2
93	11	4
460	19	1
803	12	9
1108	0	1
566	11	3
1061	12	1
193	4	2
490	19	1
876	2	24
955	13	8
1059	11	9
261	15	11
561	10	2
1202	13	14
133	11	1
263	19	2
488	4	2
741	2	1
1244	11	33
208	11	2
334	11	1
1128	2	2
293	15	2
873	14	2
625	8	1
862	0	1
533	14	1
974	6	1
264	12	1
437	11	1
483	2	15
495	13	2
514	13	25
1174	11	5
825	9	1
878	15	241
885	11	1
936	13	2
1113	12	2
514	25	2
588	11	1
259	13	6
609	11	2
634	6	1
768	8	1
103	8	3
691	16	1
863	13	4
944	13	4
426	8	4
583	6	1
1140	11	1
694	13	1
639	8	1
813	5	1
519	13	2
715	5	1
330	9	1
566	19	2
628	8	5
989	13	57
1090	16	6
1212	9	1
53	11	1
207	20	1
843	11	1
957	2	1
1026	5	1
460	9	5
1093	20	8
1246	13	6
