517	1	4
663	7	1
34	19	3
159	15	24
219	15	107
297	26	20
307	1	2
385	0	45
804	0	4
1060	12	1
359	17	4
465	16	3
587	9	1
614	7	36
822	18	1
956	7	17
460	11	8
493	7	1
584	17	1
1078	15	1
1152	15	1
427	14	2
469	22	6
935	9	6
565	4	1
642	9	8
993	4	7
997	1	7
1055	14	8
73	7	2
609	10	1
270	16	1
657	1	3
952	14	1
1020	7	6
533	26	3
744	5	1
1148	7	2
220	10	16
507	1	2
127	0	2
515	5	2
77	12	47
271	16	1
466	17	1
512	16	1
617	8	2
408	16	14
490	9	3
822	3	2
73	0	6
739	4	1
859	4	1
975	7	1
148	2	1
369	0	2
420	28	6
498	23	1
524	0	1
832	12	37
331	5	1
1149	6	1
1192	9	5
303	12	2
495	4	114
1205	26	13
471	15	7
571	0	3
406	5	11
449	15	1
664	15	1
967	0	1
1084	3	2
331	4	6
469	4	2
524	12	1
461	1	1
498	5	2
68	12	3
39	15	1
980	21	1
1108	7	84
1161	14	2
300	7	1
344	3	8
400	7	3
615	19	1
132	1	9
212	10	3
505	5	4
908	0	2
366	15	2
413	5	5
419	10	8
539	26	7
796	12	1
1067	15	1
76	18	5
259	10	4
626	3	4
982	1	1
1065	16	52
359	8	9
466	9	2
607	9	3
738	9	2
1063	15	2
1126	8	1
368	7	3
377	15	25
575	17	8
405	5	2
454	8	1
614	15	2
1059	0	1
269	16	1
357	16	1
604	26	1
740	19	3
1162	15	9
358	14	1
652	4	4
820	4	8
140	17	1
316	2	2
336	10	1
392	15	9
606	10	1
646	15	7
1005	10	61
111	14	6
900	12	1
1110	8	1
30	7	1
359	12	110
827	28	2
868	11	11
1212	16	12
581	10	1
606	16	1
1195	4	2
34	0	2
308	4	4
640	5	2
1024	3	1
275	8	4
993	0	8
653	7	1
774	19	1
864	2	1
935	0	1
999	5	12
369	16	1
641	10	1
667	0	1
770	20	20
1044	4	3
485	10	1
626	12	1
455	15	1
695	1	1
751	23	1
564	4	11
914	1	6
973	15	1
124	16	1
465	8	2
720	8	96
810	9	6
822	15	6
904	8	66
906	8	1
1166	10	5
239	1	3
588	19	1
992	3	1
1083	12	4
1173	19	50
407	10	1
508	1	1
1073	5	1
1204	2	2
1213	8	4
73	16	5
188	12	1
855	2	3
1203	12	1
536	21	5
262	9	1
608	0	1
713	9	1
768	10	4
116	10	2
451	0	1
92	0	2
452	10	2
563	7	4
914	10	1
1203	19	40
1203	9	10
435	1	5
554	5	2
817	1	1
936	15	1
713	1	13
873	15	1
82	19	10
148	9	1
218	10	2
421	4	3
561	10	2
601	12	77
1158	9	1
354	19	1
918	0	16
317	25	2
439	2	5
1004	15	3
1109	15	11
168	25	3
1196	13	1
624	26	1
765	14	1
1205	9	8
132	12	3
132	7	2
252	4	5
750	5	17
1071	19	1
1113	15	4
462	17	9
939	16	4
310	16	16
975	16	1
1034	15	5
452	26	9
507	9	2
522	0	1
538	9	35
814	9	2
1144	17	4
587	13	1
903	5	3
1207	15	3
33	27	1
190	4	1
47	1	14
269	15	8
607	16	2
984	15	4
62	9	1
219	2	1
944	0	1
2	3	35
408	9	4
630	6	35
1013	15	1
1025	17	1
1192	15	1
413	15	1
715	15	1
400	5	52
643	10	1
984	10	5
1060	5	8
428	0	2
92	3	2
1156	10	23
1195	1	1
87	1	3
822	12	2
877	15	1
917	10	1
395	12	1
710	11	1
264	5	1
675	6	1
768	9	2
204	14	1
345	9	1
640	13	1
1047	5	14
1061	0	2
112	7	3
466	16	1
843	7	3
588	9	9
95	10	4
400	25	6
286	23	2
531	5	32
750	24	1
780	3	47
807	12	12
1034	0	1
144	9	1
264	11	4
303	8	1
493	3	1
853	5	1
1187	4	4
193	12	1
326	16	5
720	10	31
825	25	2
933	6	15
141	1	1
431	10	1
896	10	6
116	16	5
505	11	1
618	10	3
870	5	1
901	5	1
1055	3	12
3	5	2
256	19	1
344	26	34
642	26	5
763	1	5
124	10	3
239	15	10
257	9	4
541	16	2
95	9	3
178	0	6
534	8	2
220	9	7
226	15	19
626	17	5
1152	19	2
247	10	2
304	12	12
306	5	3
307	26	1
820	15	2
1075	4	1
1100	4	1
1140	1	3
16	8	1
123	7	1
156	26	1
572	17	1
776	4	3
874	15	4
220	1	1
417	1	3
764	21	1
259	9	1
344	17	13
431	9	22
605	12	1
670	4	140
843	9	6
768	2	2
30	17	7
710	1	2
990	0	1
236	19	1
410	13	1
1157	5	11
644	0	1
686	5	7
1153	3	13
1205	4	2
205	19	4
368	0	2
867	0	1
144	17	7
1055	0	1
113	0	2
560	12	1
612	12	1
750	19	1
1006	14	1
1063	16	1
522	1	2
803	1	3
1101	10	2
634	12	1
951	5	2
87	4	10
168	17	7
1047	0	4
1060	1	1
1108	3	2
882	19	5
120	15	4
462	3	33
613	10	1
961	0	1
962	9	1
1048	4	3
283	7	14
394	14	3
718	17	2
1093	15	1
958	16	1
979	4	1
1072	15	10
1118	7	6
1212	1	1
213	14	3
890	9	1
82	21	5
92	16	1
626	27	1
679	7	1
734	14	2
253	19	1
526	4	3
714	25	1
986	0	1
1055	10	12
666	28	1
984	5	2
282	12	1
385	17	7
946	3	1
1203	4	1
346	9	27
1081	16	1
407	23	2
786	7	114
888	15	4
1061	8	3
1190	16	1
149	15	1
402	11	8
927	4	4
160	10	1
362	4	1
626	8	1
993	5	3
1028	23	9
32	9	13
793	19	3
827	10	1
1130	16	2
624	16	3
1135	15	29
344	10	42
376	27	3
564	6	3
466	12	12
811	9	1
1045	8	1
1160	3	1
160	3	5
469	7	3
1088	3	5
1212	9	11
1213	4	5
168	12	51
602	5	1
452	8	1
769	16	2
798	4	10
813	2	2
987	3	4
1055	19	1
429	15	6
643	7	2
984	26	2
90	9	25
144	5	8
156	15	4
511	16	1
14	12	1
452	5	11
917	12	1
653	10	2
975	12	3
1187	9	1
605	5	85
873	10	1
385	14	7
784	6	8
601	4	2
1110	15	2
344	19	3
587	26	1
610	10	1
819	12	3
131	3	4
132	10	3
452	12	1
958	15	1
997	12	2
52	7	4
146	0	1
346	16	4
617	10	11
782	12	1
975	24	1
146	9	1
467	15	2
711	8	1
790	1	1
804	17	1
913	12	1
925	7	1
789	14	1
1124	11	2
92	9	3
820	14	5
911	27	3
177	10	1
415	10	2
439	15	1
653	8	7
984	17	3
1024	9	1
413	12	12
481	7	5
616	12	2
1001	28	2
1138	15	19
160	12	1
224	19	1
624	1	22
704	12	1
725	4	4
949	12	39
1213	9	2
349	14	1
371	10	1
400	9	60
596	8	2
1107	10	2
972	16	2
346	5	61
707	8	4
987	22	1
1056	12	1
32	16	5
843	3	1
903	1	2
993	12	9
344	8	13
495	16	13
1170	7	2
364	11	1
1161	16	4
343	9	4
795	10	1
897	4	1
928	22	1
970	12	1
945	1	2
1045	0	3
1212	0	5
1194	17	2
119	10	1
309	10	1
647	1	1
19	9	4
434	5	1
536	19	153
903	14	3
1156	26	4
32	8	31
344	24	1
589	16	17
378	15	3
394	9	3
400	22	3
413	9	8
477	5	1
790	4	2
53	5	1
232	15	4
462	16	2
578	16	2
811	3	2
910	4	1
420	9	2
549	3	4
676	15	13
739	12	1
803	16	3
896	14	7
589	1	2
736	3	1
1002	12	1
1161	9	10
1156	6	1
75	9	3
180	4	4
1107	28	7
6	5	1
275	12	6
564	8	6
568	5	1
647	0	1
809	5	5
427	7	5
624	5	1
1035	9	5
1090	15	4
96	0	1
431	3	3
616	9	3
791	10	1
1131	15	1
17	5	4
178	5	1
308	12	8
780	8	4
673	9	8
274	4	4
495	8	1
205	2	13
622	16	3
786	15	407
945	10	1
186	3	1
818	5	1
885	5	2
1	1	5
26	14	3
700	9	1
1065	21	1
418	19	1
1203	26	65
3	8	4
369	1	2
642	12	1
917	5	6
1037	9	1
533	5	5
616	25	7
768	1	2
1039	21	3
538	17	3
1006	19	1
24	1	1
192	8	30
344	9	28
1200	25	1
79	13	1
41	5	1
59	10	1
1063	25	1
133	20	1
569	3	2
825	12	6
1205	0	1
94	18	4
419	4	1
578	17	1
1181	8	1
79	12	2
344	18	6
396	9	1
423	8	1
818	0	5
414	16	16
914	0	1
1203	3	29
510	8	1
554	19	6
415	9	1
525	15	6
1009	10	2
341	0	1
519	15	1
102	11	26
399	14	1
1061	5	23
18	16	2
99	16	10
363	4	1
589	12	2
718	15	1
1034	3	2
277	15	5
510	3	2
773	15	2
1040	17	9
984	16	2
1011	12	1
735	15	2
997	2	4
252	0	9
1157	10	1
1170	16	3
300	0	1
466	3	62
699	0	1
803	12	1
847	16	1
25	20	1
181	0	1
3	10	2
344	4	3
505	16	1
514	11	1
587	15	1
657	10	62
437	14	2
47	15	83
972	9	3
1156	15	104
220	4	15
307	3	1
870	2	1
299	10	1
417	15	2
610	0	2
19	17	17
346	15	5
790	9	1
943	15	41
434	12	1
744	1	2
287	12	2
850	16	1
893	25	1
1023	3	1
1151	11	60
582	15	1
741	10	1
1069	16	1
10	14	8
30	9	6
208	14	2
607	11	9
1107	5	7
1211	2	2
267	15	1
1061	4	1
24	5	3
304	14	1
711	12	1
807	24	1
302	12	7
855	19	19
1211	25	2
168	15	27
300	17	1
376	21	1
815	15	1
1205	16	2
822	10	1
56	7	111
146	10	1
369	9	1
589	5	228
1054	21	1
227	5	1
493	15	5
504	14	1
882	15	14
533	10	1
1125	10	2
369	5	4
825	4	1
912	15	1
19	16	7
400	21	1
96	26	2
400	14	39
518	15	3
664	16	1
673	27	3
811	26	1
155	3	4
649	2	1
1050	17	1
206	7	1
493	5	4
626	14	97
738	0	1
778	1	1
557	4	1
903	7	1
1022	13	1
654	16	2
1113	0	15
1144	12	11
288	10	1
993	26	2
419	17	2
1173	8	4
1203	14	8
101	26	1
556	11	1
1136	15	3
434	7	4
725	9	1
802	2	12
24	10	15
220	12	4
413	11	4
419	0	6
856	14	4
417	8	1
469	9	12
70	0	4
935	10	1
1027	16	1
144	12	75
326	9	2
1065	4	82
199	15	1
239	2	11
896	0	18
431	15	6
538	8	4
1060	11	1
555	4	2
1188	10	1
109	5	2
101	12	1
268	12	1
731	1	2
784	25	7
930	19	1
205	15	6
546	12	4
669	4	21
896	7	62
1005	8	3
170	4	2
171	21	3
176	1	1
384	9	5
409	15	1
803	17	1
1089	5	1
854	8	1
906	5	5
1169	14	1
1005	16	1
99	15	76
186	15	6
382	11	1
493	4	3
953	4	1
990	8	2
857	0	2
472	14	1
511	5	1
739	11	2
1050	0	1
538	19	17
1065	6	100
444	19	1
769	10	1
159	26	1
228	13	1
526	18	29
1005	12	11
29	6	2
715	8	1
1164	5	18
79	15	326
344	15	3
887	15	2
972	2	15
1072	4	2
234	12	16
993	10	7
185	5	1
654	17	5
1151	4	30
1211	26	3
1212	23	13
92	2	1
1012	17	2
1140	3	1
1205	12	7
73	1	1
444	25	2
466	14	4
538	5	46
587	16	1
801	0	2
136	3	4
529	17	1
617	11	4
772	7	1
1153	10	10
211	0	1
565	9	1
611	6	2
633	9	7
691	1	1
1153	17	7
986	1	3
667	19	1
63	15	1
400	8	59
739	16	1
1143	12	3
86	10	1
801	24	5
947	3	3
1158	12	2
452	15	1
133	3	3
195	12	1
446	9	22
643	15	1
93	8	1
909	3	5
1005	21	3
1116	0	5
1123	5	1
385	19	1
643	19	13
796	5	1
845	2	2
906	3	1
70	19	1
196	26	6
384	10	67
561	19	2
243	8	15
248	9	1
271	9	1
743	16	1
1015	15	1
26	6	1
1138	4	3
271	12	9
424	12	3
724	4	2
858	5	1
938	3	1
993	17	2
1127	0	1
66	8	1
221	12	1
298	8	1
616	15	4
624	10	3
966	7	4
561	1	1
834	4	1
1026	11	1
1190	1	1
113	8	4
239	21	6
519	7	2
831	23	15
30	0	1
15	1	1
131	10	3
601	15	7
92	15	2
234	4	47
331	9	1
505	3	4
886	25	1
4	9	3
222	3	1
709	11	1
754	0	1
969	5	1
984	11	1
1213	23	20
168	9	97
698	10	1
712	15	1
1129	12	2
1188	3	1
44	9	5
964	9	24
149	19	1
332	16	1
431	16	1
956	9	1
411	9	2
413	8	1
785	4	1
807	6	6
92	5	1
395	0	1
318	5	1
882	8	1
1076	28	1
669	10	62
1195	9	2
2	5	82
147	13	3
346	4	1
376	4	13
491	26	1
576	10	8
927	12	16
1153	14	1
316	19	2
427	12	1
561	4	6
589	24	4
642	23	1
774	16	1
1065	7	45
348	1	10
368	8	2
993	1	1
996	10	7
14	9	1
77	16	9
456	18	1
550	27	3
882	7	1
903	17	3
1114	9	1
40	1	1
592	15	1
654	26	8
67	19	1
24	14	25
138	5	5
317	10	152
589	19	1
635	4	1
262	7	1
344	16	7
917	15	3
946	10	1
1156	16	1
213	8	1
381	7	3
896	4	2
1113	19	1
541	12	5
1060	17	3
94	4	4
438	15	1
1107	4	2
19	1	1
116	15	18
1124	9	2
60	18	2
75	15	5
336	13	1
824	3	2
881	4	2
329	1	4
727	8	10
795	8	1
975	15	1
36	5	1
130	4	3
151	5	3
400	19	30
528	12	10
669	9	69
325	15	1
471	1	12
1058	15	13
1208	12	4
30	15	7
638	12	1
878	19	38
1044	5	2
1130	1	2
528	9	1
1099	2	2
1195	19	2
57	15	70
73	12	1
279	18	26
406	14	3
1028	9	7
1175	9	2
466	1	16
492	21	2
763	9	1
850	25	1
1053	19	1
49	4	1
300	16	1
570	7	2
210	21	1
695	16	1
1098	0	1
130	9	50
208	8	1
271	8	3
407	21	1
655	5	1
1065	26	117
807	9	3
159	11	1
171	12	3
285	16	1
336	7	13
372	9	1
626	0	4
384	15	1
617	0	4
644	15	1
971	15	2
326	0	3
1128	9	2
1072	16	2
471	9	2
562	9	1
740	8	1
1112	19	1
1178	0	1
82	15	1
155	7	1
309	16	1
496	9	27
792	5	2
820	13	1
47	8	21
55	15	4
469	16	1
607	10	7
616	5	4
865	1	1
64	12	3
216	12	8
217	6	74
495	25	19
917	0	16
1158	4	6
430	19	1
646	16	1
896	11	12
996	9	2
287	15	1
288	16	1
326	23	2
611	4	1
1183	25	10
412	8	2
627	12	4
892	23	17
29	25	2
353	10	2
359	18	63
380	27	2
579	15	14
994	1	1
24	11	28
830	0	1
1160	7	4
289	18	1
460	9	1
582	5	1
789	8	3
796	10	1
806	7	6
951	7	4
990	1	1
43	1	1
51	9	1
252	10	6
307	5	3
601	10	106
974	12	1649
2	6	281
1146	1	1
406	11	13
683	17	1
1205	21	4
29	4	5
1124	1	1
1204	12	51
46	16	1
778	10	1
851	24	10
1165	17	1
79	7	1
287	7	2
452	7	1
743	12	5
779	1	6
1104	12	1
49	10	3
148	26	2
391	3	4
524	24	3
30	1	2
56	11	21
175	9	1
239	19	2
344	12	13
476	8	1
810	5	18
267	8	1
323	14	1
435	0	1
444	10	1
520	15	1
796	15	4
105	9	2
1191	15	1
358	9	3
838	4	3
1010	9	6
678	0	1
262	21	1
291	8	2
1019	15	2
1062	15	16
377	19	11
626	1	3
786	16	8
820	7	2
884	14	2
1030	4	1
495	10	777
647	15	1
750	26	11
125	19	1
358	1	1
359	27	4
385	12	4
990	10	9
219	16	21
578	9	2
608	4	2
748	12	2
1034	4	3
14	2	1
37	5	2
47	19	102
326	10	5
839	15	6
1160	9	6
1080	4	45
1151	9	28
871	9	2
264	26	1
269	4	2
539	10	8
655	4	3
687	15	102
813	0	3
697	12	3
711	0	1
984	9	48
987	7	6
1044	16	8
9	0	1
19	8	54
386	9	19
745	0	1
797	9	6
907	7	2
95	4	8
452	4	3
628	14	1
908	16	2
1203	0	70
912	1	1
452	16	5
1066	4	1
1201	14	1
50	15	2
132	3	1
234	19	244
466	15	1
563	17	57
574	5	1
1195	22	1
107	5	89
479	7	7
510	0	2
524	4	1
569	0	1
571	15	8
82	5	3
550	10	4
642	1	28
1005	26	1
1212	17	1
82	23	36
116	8	1
117	2	23
187	15	1
234	13	3
626	15	2
131	8	1
564	0	2
739	5	2
1016	10	1
1188	15	9
3	11	1
340	9	23
649	23	1
661	18	5
511	10	1
709	19	5
981	5	5
306	12	1
444	0	3
617	9	1
1019	5	3
163	8	1
226	12	41
244	5	1
259	14	1
985	14	8
82	9	3
87	16	2
343	19	1
561	12	4
593	17	1
698	8	9
726	4	1
1144	4	1
13	15	1
326	5	1
86	20	1
324	5	3
497	10	3
782	9	1
1004	0	1
1075	17	2
358	10	1
313	10	4
694	15	4
780	9	8
871	8	3
926	10	1
1176	2	1
577	7	4
1172	15	1
442	16	1
806	15	2
855	18	3
1129	15	2
284	19	1
1151	1	13
197	1	1
389	9	1
505	4	1
589	3	1
732	2	5
1065	27	6
300	8	1
415	16	2
574	4	2
713	10	5
1211	8	4
173	15	1
175	10	1
407	9	3
1163	9	2
77	1	1
226	28	22
834	15	3
989	19	1
267	18	2
439	9	5
77	10	9
336	21	1
407	8	6
439	10	2
669	0	72
513	19	12
653	12	7
814	16	7
990	9	3
1158	10	36
1174	12	1
1180	5	2
157	10	1
431	14	2
151	1	4
208	10	2
287	14	11
782	23	6
1048	16	7
1211	12	2
8	10	2
143	9	4
431	5	1
469	2	4
580	1	1
631	9	2
997	11	1
419	25	1
545	26	1
825	7	4
564	1	2
589	17	2
855	23	6
139	9	16
585	10	1
95	1	2
122	2	8
449	8	1
632	9	4
454	21	3
541	15	1
1155	1	2
73	15	1
634	17	2
415	0	1
1050	12	2
1155	2	3
1212	10	46
591	1	14
709	16	6
386	4	84
0	0	1
440	22	1
290	0	1
673	10	4
998	15	1
538	4	5
666	4	1
174	0	5
499	7	1
602	12	21
868	10	2
863	10	1
939	9	1
254	4	1
1070	16	1
1184	12	2
506	0	1
1160	15	1
79	18	80
418	15	1
493	16	3
1070	5	2
26	7	2
105	6	1
536	15	77
719	10	1
1098	4	1
1179	11	1
56	15	77
488	12	7
750	17	7
67	0	1
220	16	5
537	1	3
812	9	1
821	15	2
400	24	54
448	7	7
464	18	1
1047	8	3
136	4	1
290	5	1
820	27	4
1049	0	1
94	15	8
673	0	3
696	3	35
1009	15	4
125	16	1
411	10	1
630	4	21
317	3	12
608	16	2
1009	19	1
400	26	7
611	9	2
1072	8	12
140	15	1
486	1	7
589	14	28
1105	26	1
115	0	1
127	9	1
349	8	6
643	11	2
435	4	1
1179	19	2
73	3	1
427	3	27
448	4	3
535	7	1
753	12	1
763	10	4
74	12	2
168	14	8
268	1	1
450	19	7
450	16	2
561	0	1
767	19	2
1046	2	1
1056	28	1
987	1	1
1068	10	1
234	26	31
1067	3	3
257	5	2
1155	10	5
686	2	2
1051	9	1
1117	4	1
1189	0	1
400	0	16
709	14	1
740	9	1
97	4	1
176	12	1
304	27	1
626	11	3
618	11	2
1075	13	1
159	10	1
209	0	1
326	4	7
461	7	5
849	16	1
400	16	26
622	15	6
680	15	1
261	9	1
589	8	1
972	4	1
75	19	4
148	15	33
439	4	5
589	4	1
949	6	48
124	9	1
256	15	2
606	26	1
895	9	1
1033	8	2
215	3	1
330	19	1
435	12	9
444	4	1
168	0	170
302	15	1
841	9	1
1065	25	12
295	24	1
490	2	1
617	4	5
1126	5	1
388	8	1
675	16	2
1038	15	2
1187	10	2
694	19	1
56	8	2
642	25	1
656	13	8
745	4	1
1156	4	5
931	9	1
467	7	2
1150	15	1
92	12	1
168	8	235
239	16	8
400	4	26
697	1	2
795	4	1
411	8	8
434	14	2
99	10	2
168	26	5
317	19	1
343	0	1
344	23	1
400	6	65
861	10	1
993	9	44
1212	26	1
30	14	1
478	15	8
986	25	2
997	16	1
1065	12	36
24	16	1
540	10	3
713	26	1
793	3	3
905	15	2
963	8	1
24	17	3
155	4	2
277	1	8
841	0	1
1211	15	1
262	12	10
318	17	3
839	5	1
1172	9	1
73	26	3
150	19	1
216	15	1
403	16	1
924	15	8
1110	19	1
219	12	44
776	0	2
914	11	5
1027	4	20
79	17	4
303	4	2
914	12	2
932	7	7
1091	2	7
1160	10	8
312	9	1
899	13	1
912	3	3
380	8	1
897	8	14
750	10	7
889	10	1
1066	12	1
1092	7	143
75	7	1
239	14	2
386	16	2
460	0	9
825	10	2
843	1	2
1	2	9
859	9	1
990	16	1
466	10	32
660	10	1
848	18	16
986	12	1
1025	26	1
182	26	2
404	9	1
495	3	27
785	0	1
37	9	4
643	27	1
768	12	1
768	16	1
119	0	4
143	14	4
793	17	4
947	1	7
1042	16	1
1085	8	1
113	10	5
709	7	75
26	0	4
183	15	1
586	9	2
626	9	1
919	9	7
1044	8	1
709	9	6
750	1	5
839	0	1
169	4	4
897	10	1
143	7	8
602	10	24
35	16	1
159	0	2
1021	24	1
159	1	1
571	26	1
655	10	3
297	7	42
435	21	12
616	10	1
617	21	1
1106	3	3
212	16	3
374	4	1
426	26	1
697	22	1
975	20	1
1008	15	1
915	27	2
1192	1	6
98	9	2
137	4	2
173	3	1
344	1	9
400	1	26
845	12	3
155	16	2
686	9	1
1134	16	1
59	4	2
207	15	1
394	1	9
427	8	1
978	1	1
1006	4	1
450	7	1
711	28	1
1098	8	1
1188	11	2
28	21	2
29	14	1
207	1	1
280	26	1
414	5	6
811	4	2
569	25	1
844	8	1
78	2	5
609	3	3
238	7	1
406	24	2
733	19	29
1031	14	9
1151	12	4
1178	15	1
22	15	7
619	15	27
820	21	1
1156	12	37
908	9	2
1104	8	1
835	4	1
1158	17	4
148	12	1
676	8	3
1008	5	5
1160	8	3
375	15	1
538	12	8
1056	15	1
1130	10	1
1167	12	3
42	16	4
452	9	4
37	10	7
984	14	1
1155	27	1
209	12	2
326	12	1
566	4	1
812	3	1
1035	8	1
1151	10	6
47	25	14
503	19	2
647	17	3
1060	23	11
1156	25	2
1065	17	19
1072	12	2
624	0	1
692	12	1
725	10	2
250	25	1
406	9	1
471	16	20
750	4	3
99	4	7
758	12	1
354	0	2
412	15	2
1005	25	1
108	15	1
135	16	2
252	3	1
947	12	1
1027	9	7
220	15	1
744	12	199
1211	19	2
239	27	1
675	15	2
859	16	4
872	16	3
1101	15	25
1187	15	2
219	19	1
443	10	3
759	17	1
785	25	4
1154	9	30
184	10	1
323	18	3
923	5	13
21	18	13
326	1	1
635	12	5
757	5	1
89	9	1
385	10	1
614	17	5
697	15	1
768	8	1
972	0	2
721	8	4
787	18	7
1045	9	2
501	12	1
648	0	13
675	3	1
1176	1	1
75	24	1
352	9	2
949	4	2
466	7	1
538	10	25
1005	27	1
1007	21	1
1212	4	19
99	9	1
131	28	36
462	12	95
1195	10	1
99	17	2
259	16	4
484	10	8
603	1	3
733	9	2
801	9	2
27	16	2
608	2	6
744	8	46
1166	4	2
116	9	3
249	23	9
268	17	1
342	1	2
967	19	1
47	24	11
716	2	3
331	1	2
990	12	2
132	25	5
320	26	1
323	25	2
344	21	1
598	1	1
776	15	3
855	0	1
1046	15	4
262	8	2
843	10	3
1212	5	1
686	6	2
11	12	2
420	4	8
365	8	4
469	10	1
820	9	6
871	15	5
407	5	1
1168	9	2
57	2	1
549	15	1
739	2	1
964	10	167
1034	16	3
1206	12	1
160	16	1
213	23	1
693	0	1
825	18	22
908	26	5
961	3	3
168	1	31
218	15	13
763	3	8
19	10	8
185	10	5
230	15	1
242	12	15
1122	1	45
911	5	5
1211	6	1
395	1	1
655	0	1
740	16	1
781	6	1
441	7	92
728	0	1
739	9	5
1048	13	3
834	19	7
442	12	1
480	10	1
643	9	17
749	10	1
796	1	1
125	9	16
344	0	4
666	17	5
1097	15	3
1119	8	2
1157	9	1
935	7	2
1017	6	1
138	15	10
744	0	1
8	13	1
19	12	11
287	18	7
916	16	1
161	12	14
912	19	3
981	4	1
647	10	1
1144	16	5
1192	3	5
159	8	21
686	25	1
398	12	18
495	6	48
54	16	1
431	19	5
803	15	3
1065	14	72
1156	3	25
1160	5	5
51	11	4
294	15	10
344	25	2
968	25	15
1150	3	3
259	2	8
347	10	1
1065	15	34
380	10	1
448	27	1
489	16	1
1003	9	2
42	13	5
236	4	1
483	0	1
540	3	1
816	15	2
125	10	2
151	9	4
142	10	1
460	1	2
860	7	8
622	19	8
788	2	1
1010	19	49
1106	9	1
503	5	3
75	6	5
566	17	8
1113	8	2
1130	15	15
455	1	2
637	10	1
258	8	1
538	16	4
566	9	2
963	10	2
1079	10	1
1156	28	4
1113	3	1
24	8	13
143	1	1
265	14	1
818	1	38
930	12	3
1006	9	1
385	8	6
388	12	4
440	16	2
642	5	2
337	14	1
400	23	35
417	19	1
548	12	3
834	8	4
1065	11	152
30	2	2
58	15	1
806	16	1
929	15	2
1007	0	5
1030	10	1
495	24	1
547	10	1
630	24	1
975	5	2
1065	3	33
1065	9	347
160	22	3
750	0	7
880	17	1
933	24	14
1055	16	1
666	5	1
406	6	8
82	1	5
236	7	2
626	4	5
820	12	2
1113	7	2
1176	16	2
46	8	1
543	24	1
963	9	3
471	10	4
845	4	3
468	15	2
868	0	13
1035	15	1
121	19	316
476	9	1
505	10	2
588	0	9
646	0	1
184	9	2
786	8	223
598	12	1
659	26	1
1141	3	1
735	4	2
1072	19	1
42	14	1
365	16	2
383	1	6
437	9	1
505	20	2
541	5	1
1091	3	3
288	4	1
461	15	18
729	16	2
1053	0	2
1195	2	1
1205	1	9
301	10	1
977	14	3
1072	10	1
73	4	2
678	9	1
718	9	10
997	9	2
1101	8	1
1190	15	1
1058	1	3
1185	8	23
2	4	29
219	7	35
272	7	1
412	16	1
445	15	1
701	0	1
154	15	2
532	2	1
355	9	1
435	15	2
478	3	3
564	16	3
1003	5	9
252	16	1
373	10	4
908	15	8
1122	7	8
247	19	4
419	8	5
490	12	1
768	23	10
463	0	1
1008	8	1
1205	14	3
258	15	9
561	17	1
94	21	2
235	28	2
579	9	9
617	2	1
873	8	1
67	15	1
598	0	1
611	15	1
651	2	8
768	14	2
811	8	1
71	15	4
184	4	2
304	8	3
639	3	1
666	9	1
845	10	2
54	9	4
590	0	1
1139	10	2
30	21	2
34	9	3
94	9	1
579	1	6
713	0	1
116	0	1
786	9	64
322	15	1
349	15	2
645	12	2
97	9	2
26	12	1
103	27	1
252	15	10
524	15	14
516	16	1
1158	16	4
49	3	1
101	5	10
225	14	3
777	10	4
1195	0	4
20	4	1
42	10	19
414	9	13
439	7	5
129	12	65
220	23	2
469	8	1
956	10	4
95	16	1
419	14	1
475	16	1
768	5	3
1014	15	2
1176	5	17
120	10	4
305	8	3
688	1	1
810	25	5
1190	12	2
888	6	3
1199	5	1
348	12	2
589	7	4
805	18	33
875	8	1
935	16	1
1107	20	1
30	26	4
487	18	24
955	9	1
983	0	7
37	16	1
82	8	1
171	27	2
1130	9	9
331	0	1
643	14	1
706	2	1
1005	17	1
59	0	3
370	17	1
543	4	1
826	14	1
1120	19	1
49	12	3
606	0	1
709	10	4
961	8	1
1155	23	1
1197	8	2
136	8	3
250	15	1
260	19	1
5	12	1
462	9	17
232	7	38
906	1	3
970	7	2
1006	10	1
1096	7	1
1184	1	6
79	8	1
259	19	1
385	2	2
342	4	1
838	15	5
95	19	1
113	26	19
399	19	1
683	14	3
159	7	48
190	9	2
595	12	1
956	1	1
985	15	2
1157	1	6
159	9	5
420	12	7
522	5	1
1056	3	2
433	12	1
804	12	7
1203	16	9
917	19	1
949	3	16
1183	6	2
1193	15	4
86	8	5
92	10	6
122	8	2
334	0	8
760	5	1
1182	15	1
48	9	2
51	12	1
159	19	3
240	8	1
707	5	2
122	16	1
539	4	4
608	5	1
783	5	1
820	10	2
415	15	1
544	12	7
620	11	1
800	27	1
803	25	1
919	15	27
407	0	1
717	24	2
957	8	1
109	10	4
118	10	9
297	21	3
906	11	1
1121	15	1
81	10	1
259	4	3
311	26	2
953	15	9
1213	28	10
450	9	4
457	15	1
136	12	1
624	9	15
1095	15	4
1122	19	2
87	9	26
387	9	1
406	15	4
592	9	1
843	5	32
34	15	7
611	10	6
979	9	3
278	3	4
313	0	1
836	0	91
841	8	1
906	20	1
209	2	2
246	15	1
553	15	1
592	12	2
948	14	1
1111	15	1
563	10	19
720	0	39
1005	9	8
143	4	5
277	19	50
452	17	2
676	1	7
790	16	2
920	19	2
86	19	1
467	12	1
731	15	2
838	8	1
307	0	1
531	1	9
655	9	9
1044	2	3
44	4	7
367	0	2
559	19	2
1177	15	1
160	4	2
247	3	3
331	16	1
594	15	1
808	10	2
186	0	4
519	3	1
725	17	1
737	1	4
820	0	13
1167	8	1
31	8	3
407	27	1
415	5	3
450	8	5
763	8	5
1213	11	1
160	17	3
516	10	1
631	16	3
993	8	29
1000	15	6
1041	1	1
705	14	3
1058	7	9
34	7	1
170	15	2
253	15	3
258	19	2
667	13	1
686	12	1
1176	9	12
669	15	1
1050	1	1
1186	12	4
360	8	4
682	15	9
735	1	7
975	0	1
1018	15	1
1036	5	13
1065	19	3
469	17	23
749	8	1
967	16	1
1010	26	1
818	8	12
967	12	1
241	9	1
292	15	2
413	0	5
462	8	1
607	12	1
665	1	1
1171	9	1
725	16	2
750	12	1
269	10	2
414	10	6
461	9	1
558	0	1
1062	1	1
333	4	1
281	19	1
505	8	3
1123	4	1
19	5	25
34	16	2
666	16	23
890	10	3
148	4	6
259	12	3
550	8	3
845	15	2
1188	1	2
516	15	2
539	16	3
607	4	3
683	4	1
871	26	1
212	9	2
432	7	5
740	15	1
811	10	3
991	12	34
517	12	1
815	14	1
92	17	8
133	1	3
213	9	2
390	0	1
411	12	19
450	15	2
164	6	4
871	10	1
794	12	12
945	4	1
168	5	8
987	0	1
79	10	2
155	0	1
667	11	3
141	10	2
286	8	2
600	7	1
703	12	5
1047	4	1
1065	0	33
286	1	1
427	9	2
843	14	3
1004	16	8
385	4	3
784	9	133
1063	11	1
336	15	18
724	9	5
911	0	7
1065	1	15
252	8	1
304	21	1
722	1	1
1053	4	1
37	4	4
355	12	4
400	10	97
240	10	1
365	17	2
975	10	5
390	15	1
545	8	2
1137	26	2
1148	1	1
619	16	1
1213	19	2
733	8	8
739	19	1
773	3	2
896	26	1
1062	9	2
1074	13	5
126	5	1
196	4	6
328	12	1
339	9	2
551	3	8
1136	2	5
657	19	1
666	10	4
1161	17	1
79	20	4
239	5	3
724	16	6
733	1	2
820	24	4
1031	8	36
746	14	1
942	15	1
1026	10	1
810	17	34
884	2	15
122	12	3
236	11	1
264	1	2
490	5	2
613	4	19
798	10	1
1187	11	1
1072	11	1
100	19	1
101	10	1
135	15	4
234	9	12
247	2	5
997	19	1
28	2	4
400	15	34
494	27	4
586	11	4
896	15	2
1167	15	1
143	0	9
666	0	3
825	21	7
1205	10	2
29	22	1
369	13	13
884	10	1
993	27	2
1084	2	4
228	12	1
236	8	3
399	15	4
563	15	1
654	9	2
759	9	1
1173	0	3
159	14	3
286	9	5
505	24	1
1034	7	1
400	17	13
709	15	2
807	25	3
1152	9	2
336	9	1
419	12	2
424	16	1
911	9	14
935	4	4
277	7	1
379	10	1
914	8	5
1143	4	1
1155	5	15
302	1	13
411	4	1
462	10	46
673	7	22
975	22	2
1103	2	80
9	12	11
303	1	2
319	0	1
414	4	1
826	8	1
239	9	25
284	0	1
354	3	5
541	3	2
837	11	19
7	0	3
603	12	2
336	19	18
414	1	4
84	5	9
185	9	4
62	15	1
469	12	67
606	17	1
42	8	1
489	9	3
538	0	1
653	5	5
727	21	1
820	18	3
1047	1	1
95	15	12
685	5	1
1044	1	2
263	8	4
1126	23	65
133	4	2
313	16	2
484	28	2
579	16	1
62	10	13
220	14	6
598	9	2
132	9	11
358	5	1
408	15	2
441	11	1
726	15	6
737	9	2
435	8	1
538	1	1
862	26	1
964	26	72
801	8	5
480	0	3
562	17	5
763	4	2
914	14	1
1033	18	2
1082	7	1399
873	7	6
940	10	2
271	4	1
278	4	4
753	23	1
914	21	3
293	17	1
793	9	2
8	4	1
183	8	5
352	0	2
458	15	2
875	16	1
270	5	2
680	16	3
198	12	2
355	1	1
1048	1	4
480	4	1
681	15	1
912	10	2
1030	16	1
395	5	1
455	9	1
635	5	15
1170	0	1
69	5	2
111	4	1
29	9	7
168	27	4
623	4	1
1211	0	2
30	16	1
488	5	1
725	8	4
804	2	22
875	10	8
894	5	16
352	24	1
361	7	13
684	9	34
850	26	1
1179	9	4
563	25	1
1212	12	3
369	7	2
619	5	1
647	25	1
796	8	1
407	19	1
571	7	9
166	8	14
178	9	1
335	15	3
583	4	1
601	8	68
342	9	1
795	21	1
962	1	2
1031	0	45
1133	12	2
132	16	1
607	17	12
167	15	1
316	15	12
725	12	2
1009	5	3
60	4	1
239	17	2
240	16	1
1061	3	6
987	9	1
24	4	7
82	16	1
224	3	2
647	16	16
768	4	1
814	14	95
141	9	1
563	4	7
761	17	2
883	8	3
24	12	3
92	7	1
756	3	22
217	15	2
234	7	11
266	15	80
552	12	41
810	8	3
985	4	1
81	3	13
466	0	9
680	0	1
41	11	1
359	0	3
379	9	2
422	1	1
961	19	1
526	16	5
550	4	1
1059	12	1
873	0	2
879	12	5
223	15	1
224	14	1
269	0	2
353	9	2
846	28	68
852	15	7
961	10	2
1211	4	5
234	28	1
330	15	2
344	11	16
890	0	1
922	11	1
551	14	1
626	7	59
1213	10	2
44	12	6
406	2	3
459	4	11
530	0	8
664	8	1
1012	5	1
788	10	1
321	2	2
974	9	6
1212	11	3
171	9	2
614	14	3
730	26	2
168	10	239
377	0	6
632	3	8
680	8	6
829	27	1
883	11	2
451	15	2
1029	1	1
314	9	1
400	11	25
403	15	22
1126	11	40
296	19	1
332	15	1
495	17	17
672	10	1
803	9	4
1191	16	1
130	10	4
452	18	14
676	0	6
1015	7	10
1150	8	2
1183	24	2
401	15	1
408	1	3
888	7	4
82	12	24
833	0	3
956	4	6
3	9	1
668	5	2
1077	15	1
116	26	3
205	8	9
649	15	2
759	1	7
1192	17	1
746	0	1
820	5	2
980	1	5
37	17	1
763	0	2
402	5	13
686	8	5
914	3	5
1072	7	1
1138	16	3
1178	5	1
30	8	7
305	16	3
647	9	1
1081	15	5
105	25	2
258	7	2
1151	27	1
750	15	1
972	10	5
130	3	4
220	3	1
578	8	2
234	2	9
695	8	4
818	19	1
979	3	1
1072	2	3
1195	7	24
862	9	4
1058	19	1
60	16	2
86	5	7
239	0	18
469	11	2
674	3	1
705	19	7
118	8	5
207	19	5
1104	17	1
118	4	7
339	12	2
399	7	1
1155	9	5
132	5	4
1089	17	2
61	15	2
68	17	2
407	12	3
474	15	1
1003	16	1
1116	4	1
172	19	1
415	19	1
1045	16	2
1057	15	1
29	11	27
611	16	1
671	7	1
828	7	2
202	1	1
284	9	1
326	3	1
24	19	151
315	12	4
477	8	1
820	8	5
937	10	2
1159	7	2
631	7	1
940	15	5
959	5	3
1155	7	1
857	8	4
437	4	1
636	15	1
680	9	1
1061	10	28
793	0	3
1151	16	3
495	26	84
219	8	14
462	0	2
796	0	1
1044	7	7
1203	5	18
415	26	4
1013	7	3
1202	7	1
143	5	1
233	2	2
419	3	2
450	3	1
786	2	381
995	15	1
697	3	9
796	9	3
869	16	1
95	14	3
523	1	1
1035	0	1
406	16	6
956	11	8
360	1	5
488	20	37
768	0	1
799	0	1
207	12	1
621	10	1
899	10	24
168	4	227
214	9	5
342	12	2
411	16	6
667	12	5
1156	8	2
239	26	2
404	25	5
435	10	3
697	14	1
753	9	2
1047	17	1
94	20	1
143	16	2
614	8	2
1156	17	2
50	16	1
793	12	5
964	5	107
851	10	6
891	10	1
1109	8	3
1203	10	100
758	5	1
1009	7	3
1170	12	1
436	8	1
647	7	2
855	26	1
959	19	6
526	14	1
565	1	4
1150	12	4
448	17	1
555	16	4
400	12	20
431	8	3
495	12	54
914	5	5
12	1	7
389	8	5
435	3	3
538	6	1
873	19	7
987	15	1
29	21	2
203	4	1
489	4	3
288	15	7
332	9	1
934	1	1
12	4	1
510	4	1
1198	15	1
30	4	3
619	10	4
1004	14	3
1005	14	1
339	8	1
862	15	4
1132	26	1
171	2	13
311	10	1
627	16	1
896	12	5
1144	10	5
185	3	1
564	10	4
1124	10	3
190	16	2
667	10	7
1206	19	1
666	12	32
780	14	3
1157	4	1
24	0	107
482	2	8
673	19	3
738	16	2
1017	24	1
540	16	1
85	15	5
966	20	6
1126	1	2
527	12	12
935	5	5
1098	15	2
29	0	9
59	1	4
168	3	6
439	14	2
611	5	1
1034	8	6
626	10	4
399	26	3
673	15	11
784	11	10
744	25	250
765	10	1
829	5	1
90	16	16
210	9	2
589	21	16
654	25	2
788	28	1
820	19	4
43	4	1
110	10	1
251	7	1
1062	12	16
1158	15	1
1061	9	3
843	6	1
237	12	28
1125	7	1
406	10	7
470	7	1
526	10	1
563	1	3
947	10	1
392	8	3
896	8	111
946	14	1
245	26	1
339	15	3
493	9	1
720	4	4
864	9	18
976	15	5
510	11	2
538	11	1
879	26	1
959	16	6
96	8	4
121	10	1
1055	18	3
377	10	13
567	14	1
920	15	2
1028	10	1
153	6	62
1156	24	3
415	12	2
822	1	2
984	4	1
1094	4	1
80	12	2
752	19	1
756	14	55
554	15	1
950	17	1
1138	9	4
234	18	8
258	4	1
1209	19	3
1213	12	12
403	9	4
662	7	1
689	18	1
23	0	1
750	9	2
1160	16	2
72	10	2
96	2	9
239	6	6
755	15	1
192	7	13
505	28	1
947	0	3
951	10	3
270	10	1
467	26	6
493	8	5
145	9	1
161	9	4
493	0	7
500	9	3
771	1	1
798	16	4
616	8	5
664	19	1
402	1	25
541	25	4
566	14	1
1017	25	1
200	12	6
569	10	1
810	10	4
113	5	1
536	9	39
582	25	1
737	8	1
30	12	3
89	16	1
113	4	1
327	9	1
749	3	1
88	2	1
617	1	1
960	3	1
753	26	1
917	16	3
73	19	2
168	19	6
207	0	1
443	2	20
539	9	5
673	5	6
921	10	1
935	1	3
96	15	4
310	0	4
629	15	2
823	26	1
896	25	3
1142	5	1
413	7	3
452	11	1
626	25	4
782	16	1
1144	0	6
842	9	1
975	17	6
435	9	1
444	8	3
488	16	5
296	14	1
843	0	2
1064	0	1
1086	5	1
12	9	1
759	5	1
1110	1	2
42	17	1
673	21	1
720	15	8
411	26	11
914	13	8
1160	4	3
166	0	4
444	9	3
489	3	3
542	4	1
1091	15	2
653	15	22
997	15	8
1151	14	14
97	10	1
458	4	1
635	8	7
657	5	22
840	9	1
650	5	1
1005	4	24
1059	15	1
865	23	1
195	16	5
505	14	4
855	15	2
1115	15	3
451	3	2
768	7	1
1022	10	1
495	9	477
569	19	1
403	0	8
601	17	71
53	4	1
73	9	3
91	10	37
239	12	38
329	9	1
397	8	9
906	9	1
1147	8	2
899	26	1
1175	4	3
285	9	2
369	12	1
708	10	1
1126	9	32
12	11	1
356	10	1
406	18	1
995	8	6
1211	9	2
156	2	17
523	13	1
825	6	1
1004	8	12
38	10	2
219	9	1
597	19	1
946	9	1
951	25	2
1060	16	3
416	7	2
775	25	1
928	7	1
290	9	1
695	0	1
946	0	2
86	1	2
285	4	1
380	4	1
471	12	40
715	0	2
763	17	2
94	16	3
351	12	3
1044	9	1
189	9	1
317	4	1
648	19	6
906	10	1
914	17	9
168	2	1
386	10	14
622	4	1
866	10	1
155	15	2
373	18	31
447	9	1
653	26	6
763	12	2
821	12	3
210	17	1
448	3	1
723	15	1
1059	16	1
105	1	4
182	3	57
975	9	15
1053	10	3
555	9	1
810	12	36
917	1	3
1211	10	1
287	0	2
466	8	9
696	14	11
774	23	1
1101	9	1
128	10	2
420	0	2
471	7	1
642	17	5
262	16	2
73	14	1
165	8	58
276	16	2
533	16	3
1210	9	2
99	19	7
271	14	2
303	10	1
1120	15	3
957	15	1
1028	3	5
1070	3	4
1102	16	1
19	4	6
346	10	3
573	15	1
1052	10	4
400	2	11
1195	14	4
857	17	3
602	16	30
753	1	1
42	4	3
369	17	6
876	12	8
473	5	4
820	3	1
871	1	1
176	5	1
73	8	2
95	8	1
505	19	2
747	4	1
841	15	4
987	20	2
1122	15	11
273	3	1
356	8	1
569	8	1
1034	14	4
1116	19	21
135	9	5
425	7	2
485	4	1
146	8	3
174	5	1
607	1	5
1043	22	1
342	5	1
132	4	1
193	14	1
317	7	5
1158	5	2
152	12	2
749	0	1
965	25	1
766	8	10
184	8	5
331	26	8
344	5	3
415	14	2
626	19	4
753	11	1
394	26	1
677	5	1
258	0	4
369	10	21
1065	5	7
1009	0	1
1056	1	1
505	7	1
1087	1	3
972	12	27
105	24	8
541	7	5
194	0	3
229	10	1
313	4	20
406	12	1
510	7	2
245	12	2
393	15	4
713	11	2
70	15	2
417	4	1
871	3	1
958	8	1
680	5	1
641	16	1
786	28	20
1035	17	10
261	12	1
331	15	3
503	27	1
993	15	9
1176	15	1
108	0	3
444	14	1
478	19	1
1185	15	24
742	12	1
834	7	46
1128	26	1
608	10	1
931	1	1
220	8	5
253	7	1
690	15	2
888	9	2
1097	0	2
26	19	3
407	16	4
988	18	1
82	27	16
851	3	10
1034	10	4
1212	8	1
29	23	10
79	19	9
930	17	1
1005	3	1
47	18	3
83	15	1
466	4	1
609	21	1
765	13	1
231	8	2
358	18	1
559	15	3
992	5	2
406	0	8
664	0	1
1066	9	7
26	9	2
45	5	1
826	0	8
1145	0	2
52	14	2
179	15	1
288	19	2
469	3	8
550	0	2
798	9	5
2	7	1
746	10	1
917	9	3
1178	12	1
91	11	1
208	19	2
385	9	2
106	4	2
725	0	2
898	1	1
1116	16	1
29	8	2
191	15	1
469	5	1
540	0	1
681	9	1
1190	7	2
1049	9	1
65	5	1
206	0	2
279	12	2
371	12	12
820	26	2
970	8	1
168	16	73
768	15	2
825	28	14
1005	1	26
121	15	46
162	10	1
239	3	8
495	0	88
843	28	2
1165	5	1
1123	10	1
114	19	9
564	11	1
926	19	1
1065	24	1
1157	15	1
387	17	2
541	8	1
1122	12	2
313	3	95
398	3	10
697	20	1
713	5	5
87	0	3
116	4	1
276	10	1
616	3	18
1213	13	4
350	5	1
975	1	9
194	15	68
599	25	1
1187	8	1
136	16	6
155	19	7
254	15	1
872	4	3
1109	19	9
1032	12	1
97	16	4
175	4	1
288	9	2
400	3	15
843	12	4
954	10	1
134	16	1
838	0	4
1045	19	3
228	1	3
749	12	1
820	17	2
193	15	1
427	10	1
522	9	1
219	0	5
311	1	1
681	5	1
796	7	1
270	1	1
625	7	1
993	16	7
296	15	1
338	6	1
521	0	1
949	10	1
1034	27	2
1102	10	5
922	12	20
5	10	1
255	0	2
358	4	3
407	3	1
762	4	1
768	26	2
1205	8	2
220	11	8
453	1	1
705	15	5
1084	8	1
1104	10	4
1155	17	2
326	26	3
571	9	6
1033	9	1
158	12	1
369	4	17
502	8	1
509	15	6
524	10	2
941	12	8
450	0	2
618	4	5
702	15	2
782	3	2
843	8	3
658	15	1
921	15	4
927	26	3
1008	10	1
211	12	1
351	17	1
127	16	1
332	22	1
728	10	1
879	27	1
902	5	1
201	3	2
806	1	1
984	8	2
1070	12	1
26	8	2
104	8	2
495	5	1
646	12	6
213	1	1
686	21	3
8	5	2
23	12	4
351	15	1
454	9	1
125	14	9
301	3	1
455	0	1
1164	1	8
29	24	1
436	15	2
713	4	3
1144	9	2
1148	15	10
107	9	1
220	27	2
1065	8	53
224	15	2
403	26	6
411	1	68
323	9	6
709	4	152
1065	10	194
30	22	1
1054	0	1
168	11	5
751	3	3
899	27	15
1195	5	1
300	19	1
358	0	3
711	2	1
746	8	2
914	4	2
1113	14	3
616	0	4
686	4	2
939	0	2
