217	3	3
732	11	2
231	11	6
275	5	4
621	21	1
592	4	4
636	15	20
788	6	1
18	23	3
205	13	22
231	12	1
394	11	3
528	1	2
933	8	14
637	12	1
728	10	7
748	23	1
113	17	1
162	2	71
285	24	2
422	21	2
466	12	1
767	12	1
792	4	1
889	2	1
933	10	5
175	4	1
268	4	1
275	3	3
879	3	1
889	25	1
497	4	1
818	18	2
879	20	2
190	5	2
201	5	7
255	19	4
306	11	1
461	4	32
406	11	9
422	4	1
495	11	3
164	11	2
183	12	2
355	4	2
381	4	1
394	19	2
604	11	4
626	20	6
806	1	1
908	26	1
852	17	1
304	18	2
312	21	1
542	19	5
618	4	1
831	23	1
722	10	3
828	1	2
928	5	1
255	21	1
300	2	134
333	4	1
369	24	1
509	4	1
542	21	8
637	3	1
768	4	2
33	23	2
205	24	2
330	23	11
380	4	3
517	17	5
874	11	4
907	12	1
169	24	3
197	11	1
275	13	2
294	5	1
559	4	24
296	3	3
316	23	2
323	12	1
125	5	8
167	14	173
255	7	2
272	15	11
278	3	1
703	17	2
731	18	14
943	0	3
144	13	1
231	14	2
366	12	1
386	11	1
666	17	4
157	5	3
331	2	18
511	14	1
698	23	14
924	19	1
53	4	3
123	2	1
389	23	4
425	10	1
971	23	6
429	4	7
663	21	4
919	5	1
0	0	4
67	23	2
219	5	3
416	3	3
419	11	6
479	4	4
530	14	2
580	5	1
158	1	14
259	23	3
368	4	6
375	4	1
379	12	2
649	5	3
905	4	48
307	13	1
345	5	6
420	4	1
949	21	1
795	14	1
854	2	1
889	9	6
124	1	3
165	11	4
382	4	2
405	3	3
728	1	5
942	19	2
51	3	31
180	3	3
183	4	3
438	4	15
751	23	1
421	4	75
561	13	8
834	23	1
50	4	1
51	18	6
112	11	1
252	12	2
360	15	5
855	14	3
925	5	5
960	5	7
981	13	5
68	10	1
127	2	1
389	5	1
786	12	2
862	2	2
163	2	6
563	1	4
679	20	1
76	5	2
138	14	4
613	24	1
875	4	4
636	21	4
689	21	2
185	16	4
495	1	43
537	12	1
542	17	2
571	10	2
106	23	2
579	18	17
732	13	3
666	18	3
876	14	12
17	3	2
204	1	10
234	17	1
360	25	3
474	5	16
475	12	5
582	21	17
967	13	5
789	3	8
824	10	1
865	11	1
281	5	1
392	20	2
401	12	1
494	12	2
600	16	12
421	20	13
492	5	4
811	4	1
853	21	5
922	11	1
967	18	1
41	1	1
353	19	1
563	12	1
687	22	3
845	1	1
656	4	4
724	1	8
778	20	3
14	18	5
118	11	16
171	3	2
580	10	2
609	19	14
967	3	2
977	4	13
741	5	1
3	4	121
279	11	1
470	24	1
476	20	1
540	13	1
718	1	1
837	18	7
73	4	1
289	10	1
572	20	3
609	4	4
627	3	3
926	10	3
15	9	1
137	8	1
330	4	12
641	13	1
747	1	1
51	21	4
351	1	1
387	10	1
393	3	1
750	1	1
385	17	1
426	21	1
464	12	1
489	10	1
116	21	1
158	24	1
368	8	3
542	18	1
741	23	9
862	10	1
908	18	17
280	1	1
415	10	1
534	18	1
609	14	20
795	6	3
267	20	1
385	10	1
394	6	2
65	1	20
94	23	12
96	11	1
165	18	5
205	8	1
627	5	1
978	15	2
819	4	2
37	12	2
273	2	12
449	4	4
455	2	3
751	16	4
305	0	1
387	5	1
590	20	1
16	1	1
82	18	1
91	12	1
131	23	2
224	2	1
591	20	7
889	10	2
729	17	1
92	14	1
285	23	6
463	16	1
473	7	2
645	23	7
42	19	8
497	1	2
943	12	1
902	4	2
116	5	2
255	8	1
418	23	19
423	4	1
599	12	2
231	13	2
582	1	1
636	1	5
728	19	2
725	18	1
781	18	6
844	1	3
15	3	6
109	3	1
196	12	4
296	10	6
698	19	10
967	1	1
137	0	1
375	10	1
606	23	1
805	21	1
962	23	4
345	15	1
579	20	27
662	21	1
163	8	1
426	4	1
798	10	3
979	5	6
92	2	2
156	15	1
485	21	6
917	9	12
312	1	7
465	3	1
480	4	1
611	18	1
817	4	4
605	11	1
755	5	4
770	2	2
181	4	5
232	19	1
243	11	2
280	7	1
570	5	12
962	6	10
843	5	1
861	18	1
894	22	5
18	11	1
267	10	1
474	4	14
575	4	7
740	27	21
218	5	1
376	16	5
433	11	1
439	4	6
579	16	28
979	1	2
129	23	3
246	8	3
257	3	3
324	17	3
787	5	4
353	1	1
376	3	32
579	23	4
594	18	4
611	10	2
722	7	6
904	3	6
68	18	3
101	26	2
245	10	3
406	15	3
533	5	2
893	3	1
908	19	12
320	3	1
484	23	1
513	19	1
556	5	4
695	19	3
703	20	27
807	4	1
54	12	1
97	1	2
202	6	6
542	6	3
550	19	4
829	2	3
930	4	1
954	11	2
5	4	9
64	2	1
179	4	1
435	4	8
645	11	4
703	21	48
803	14	3
816	0	1
180	4	3
266	4	1
350	16	1
389	19	12
650	10	1
927	14	7
982	3	1
406	20	1
568	4	3
586	6	2
609	9	1
740	2	2
118	23	61
330	1	11
451	4	1
686	13	6
831	25	1
12	22	6
169	5	1
366	10	1
686	5	2
802	1	1
910	5	8
213	21	3
363	10	7
408	4	1
641	4	1
759	5	1
692	5	4
766	0	1
968	19	10
226	18	1
360	10	2
408	3	9
617	18	3
643	5	1
284	1	1
294	14	1
847	12	1
7	12	7
65	17	2
391	10	2
950	4	2
552	11	1
4	9	1
50	23	1
125	2	4
129	18	3
495	9	30
972	16	1
113	23	1
163	23	2
256	25	2
503	12	1
730	3	1
496	10	8
6	5	2
129	4	1
207	22	1
468	4	6
641	5	3
861	14	1
868	12	4
52	8	1
223	19	2
224	17	1
276	10	1
578	17	1
889	12	1
953	20	1
124	14	22
255	6	1
274	10	1
339	2	10
731	25	1
847	23	1
157	12	47
363	6	2
447	18	4
604	6	2
824	5	1
415	13	5
445	23	1
687	12	5
217	1	5
228	1	4
300	8	1
304	4	3
389	7	15
3	8	15
152	10	5
339	21	13
966	20	4
559	11	5
795	10	1
59	21	78
377	4	1
539	17	4
552	19	1
553	2	4
123	23	1
512	10	1
584	18	1
759	17	3
142	21	8
186	23	1
786	1	1
797	20	2
785	5	186
942	12	5
965	19	12
6	11	2
240	17	2
255	14	2
690	4	5
703	2	197
483	11	1
579	4	35
759	18	2
11	21	1
22	23	1
86	14	3
155	1	1
394	23	1
805	5	6
899	5	2
938	12	4
551	4	16
762	18	2
812	4	1
9	18	1
42	2	1
124	10	5
182	19	7
215	2	2
914	24	1
966	23	1
89	14	1
129	19	1
167	23	15
361	23	2
559	10	3
111	14	2
180	21	2
231	1	1
308	14	3
910	10	4
921	12	4
8	4	78
296	24	1
378	4	3
548	19	4
597	15	34
469	11	1
829	14	7
906	14	1
967	5	2
812	2	2
913	10	2
125	10	3
164	3	1
209	13	1
286	18	11
747	3	1
618	3	1
635	15	222
867	1	1
200	3	1
336	4	4
360	14	1
551	27	2
594	25	1
880	6	1
862	21	1
902	24	1
261	3	1
450	19	1
611	25	1
663	1	2
676	6	64
71	12	2
381	6	2
542	20	12
611	16	1
651	20	152
551	15	1
812	13	1
858	12	1
244	4	2
246	19	1
297	11	1
314	2	2
505	12	1
48	19	2
339	20	27
962	4	4
343	23	1
851	19	3
881	10	3
983	6	2
42	3	1
197	1	1
392	4	3
671	2	2
728	12	6
653	15	10
909	11	1
123	5	2
304	14	1
345	8	2
557	18	1
565	18	1
881	4	7
888	5	4
17	5	3
59	3	21
97	5	1
644	10	1
872	4	1
810	25	2
914	13	2
36	19	1
316	22	12
416	5	1
581	3	1
625	4	27
116	14	2
325	26	10
374	20	1
665	18	1
914	1	2
767	17	2
205	25	113
329	4	1
376	10	3
556	3	5
741	4	3
382	21	1
651	11	4
876	2	1
15	20	1
98	3	1
174	19	1
210	11	14
339	4	46
962	3	1
883	1	1
6	1	1
51	23	15
339	11	10
355	7	2
559	3	5
712	11	3
838	4	2
913	4	2
195	12	5
281	2	5
411	19	1
438	17	1
579	2	4
916	14	1
19	14	1
111	19	3
555	19	2
720	4	9
985	1	1
47	4	3
535	4	11
538	24	1
684	4	1
814	12	2
958	16	27
40	11	1
358	4	6
442	8	2
672	13	3
922	13	1
509	11	2
675	18	1
45	17	1
59	1	6
172	7	1
355	5	1
432	23	1
67	3	6
351	2	1
364	22	1
541	16	21
891	13	2
73	13	1
96	5	1
228	21	5
587	24	3
927	7	1
652	5	2
654	25	1
676	13	82
124	3	9
314	12	1
573	11	1
591	21	2
638	21	1
731	15	7
746	17	1
923	13	23
275	12	2
431	3	1
453	5	2
556	6	2
612	14	5
354	3	4
363	12	22
559	17	2
313	4	1
607	25	2
753	7	4
758	21	2
349	6	2
350	3	1
590	3	1
972	23	2
269	25	18
497	11	1
559	7	11
2	3	1
65	23	11
106	3	1
163	10	1
246	10	4
560	6	1
834	3	1
165	4	4
323	4	8
562	11	4
636	0	1
641	21	2
41	23	1
229	1	1
337	10	1
579	13	3
853	6	18
699	4	3
137	1	1
157	3	7
201	18	3
205	4	43
506	4	1
732	24	6
746	4	1
794	3	1
370	4	8
410	4	1
434	5	1
519	2	1
559	5	9
210	3	16
371	5	13
568	1	1
853	11	9
415	3	42
419	2	1
441	2	4
37	4	2
77	15	1
124	4	7
159	27	2
300	10	325
465	18	2
621	12	2
769	11	1
785	27	52
795	3	4
375	18	2
397	2	114
485	11	2
37	25	1
85	4	2
171	10	2
200	12	3
202	3	8
893	4	4
505	3	1
657	20	6
672	18	3
6	10	1
311	12	1
335	20	1
339	10	13
360	2	1
676	5	160
676	19	114
914	18	2
686	24	1
146	14	4
296	4	10
676	23	38
676	11	35
618	5	1
744	4	1
933	14	16
80	3	1
221	2	4
273	19	4
448	4	3
488	15	12
674	5	1
826	11	10
155	11	1
211	4	1
443	1	4
607	4	4
652	1	1
556	12	3
579	0	6
614	10	2
686	3	3
131	10	2
281	13	8
718	5	8
925	21	2
933	5	13
59	20	4
412	13	1
433	22	21
482	11	1
842	5	1
428	3	1
471	4	23
763	4	1
64	18	3
236	6	1
267	18	1
273	24	1
331	22	3
820	1	1
957	5	2
729	1	11
878	18	2
985	15	2
63	12	1
296	11	2
580	19	1
609	3	2
658	9	2
618	6	2
855	6	6
47	18	4
251	14	1
360	20	5
508	9	19
558	21	15
210	13	4
256	7	1
264	8	12
14	24	1
111	18	2
123	11	3
195	21	1
201	4	9
866	3	6
887	14	1
922	22	2
394	4	9
446	14	13
560	2	3
722	17	1
767	4	1
651	13	26
897	4	3
944	19	1
63	4	1
136	18	1
251	19	1
367	10	1
533	19	4
597	6	1
892	12	3
98	14	1
163	5	5
193	4	5
327	5	1
560	21	3
971	4	30
15	13	4
191	2	1
666	6	1
713	6	1
865	12	4
566	19	1
966	24	1
969	4	14
255	22	1
474	1	8
542	10	7
846	5	5
898	19	1
902	10	7
45	5	3
379	1	1
591	4	18
629	2	3
764	5	1
300	5	24
916	13	17
674	14	2
817	23	3
869	4	2
33	11	6
309	4	1
333	1	2
443	23	6
515	18	10
923	1	1
968	23	2
125	1	1
257	7	1
416	12	2
668	4	2
791	1	1
540	6	1
560	17	9
908	15	44
142	5	20
205	2	1
414	2	5
462	4	1
521	4	1
910	2	2
775	4	1
107	4	8
283	3	2
301	4	14
316	18	13
399	4	3
73	3	1
134	14	1
217	8	1
798	24	2
829	13	7
908	1	28
100	11	1
342	10	2
352	2	1
379	5	3
689	3	5
257	13	1
492	1	1
674	10	1
722	23	1
929	8	4
243	20	6
613	4	1
862	11	1
952	4	7
165	12	1
284	5	10
296	5	17
339	24	7
364	2	2
784	3	1
281	21	2
394	1	4
463	21	1
587	2	1
624	18	24
675	14	1
703	5	14
862	12	2
31	5	5
285	1	2
452	10	1
559	2	4
632	11	1
853	1	5
271	12	2
340	18	1
398	18	2
580	4	2
681	14	5
244	14	1
353	4	1
639	4	1
715	3	1
771	3	2
737	19	6
787	13	1
961	13	2
51	5	7
170	4	1
202	5	56
467	8	2
609	17	4
202	24	19
520	2	1
528	14	2
638	17	1
480	21	3
638	3	1
829	24	2
6	4	6
15	5	1
37	20	2
176	4	9
381	14	3
866	2	7
390	4	3
394	18	2
455	23	1
157	6	1
205	27	3
250	15	3
280	4	7
356	5	1
783	4	1
778	25	2
859	3	2
957	11	1
338	4	1
439	11	1
511	23	1
670	12	1
703	10	93
45	15	16
513	1	1
539	4	14
604	4	1
855	2	43
879	23	2
942	14	1
180	12	1
305	3	1
439	1	4
631	18	3
804	0	2
971	3	3
160	2	1
533	2	4
966	13	3
312	23	1
319	5	1
346	1	2
10	20	11
65	5	21
76	19	4
181	23	1
285	4	15
893	5	3
485	23	3
587	4	1
628	13	1
686	10	4
829	23	2
246	3	1
556	13	4
609	0	4
752	15	2
785	20	74
478	24	3
538	7	16
707	12	1
53	1	2
169	23	1
339	6	4
345	24	1
429	6	1
740	20	15
745	14	1
750	13	1
798	11	1
938	1	4
599	1	5
18	4	1
138	13	2
142	10	6
155	20	2
365	5	1
715	20	1
783	18	1
923	6	28
387	6	4
397	19	10
408	1	6
461	23	6
503	4	5
246	21	1
330	24	1
628	2	4
438	6	15
989	11	2
364	6	4
551	12	16
798	17	1
397	11	1
619	17	1
871	20	1
92	23	3
103	5	1
118	14	4
286	0	1
371	2	6
903	8	1
459	15	1
467	10	6
533	14	7
46	4	1
218	3	1
300	7	535
355	14	10
392	11	1
584	10	3
591	10	5
718	21	6
855	3	1
135	4	1
286	1	1
379	3	1
653	1	7
677	5	9
666	19	1
671	25	6
795	11	2
67	18	19
152	6	2
345	1	1
396	4	256
474	10	8
932	1	2
544	2	1
556	11	1
723	6	3
759	14	1
916	6	2
300	14	1911
538	19	4
593	11	1
809	19	1
142	2	3
273	4	3
310	1	1
330	8	2
563	4	2
546	4	17
556	18	6
636	12	3
18	18	2
44	4	3
90	5	9
210	8	1
532	10	5
747	19	3
981	16	6
860	11	1
51	0	21
107	5	8
192	19	1
470	1	1
535	6	8
511	1	1
511	2	1
676	21	17
7	3	4
339	3	32
339	1	8
415	1	3
478	20	5
110	21	2
688	8	1
861	15	1
406	12	10
731	16	1
773	23	1
881	19	2
834	21	5
52	19	4
269	10	11
322	3	1
529	19	1
615	18	2
524	1	1
976	4	9
22	6	1
267	13	1
360	17	2
368	13	3
796	0	1
616	4	3
684	0	1
786	17	1
1	1	57
116	19	2
124	2	2
167	4	25
555	3	1
879	11	3
467	21	1
638	20	2
676	1	557
10	1	2
37	22	4
76	23	1
117	23	13
360	18	8
691	13	2
774	1	4
980	5	3
623	15	13
168	10	1
326	13	1
344	14	1
485	2	1
579	1	1
552	16	1
923	11	32
923	2	3
862	13	2
48	1	3
231	15	4
285	13	1
320	5	4
802	12	1
280	3	3
694	3	5
937	18	2
59	11	6
84	15	1
124	21	11
165	3	2
186	4	2
721	4	5
805	6	1
35	10	2
106	15	1
370	23	2
458	18	1
694	12	2
104	4	1
698	2	1
971	8	6
131	1	3
345	3	20
575	18	4
712	10	10
865	2	1
957	4	5
957	21	5
3	7	31
332	15	4
564	5	4
655	4	15
756	19	1
124	5	3
716	5	62
893	8	1
847	4	1
900	12	1
54	19	1
59	4	15
107	1	2
267	4	1
303	3	13
876	19	47
102	4	1
213	4	3
570	10	1
763	24	1
764	21	1
232	5	1
504	23	14
923	10	11
465	11	1
564	4	2
901	14	3
312	3	2
316	14	7
376	7	18
391	6	1
461	12	10
967	14	2
242	4	1
302	23	1
551	7	1
935	3	1
199	13	1
414	12	2
643	6	1
983	17	1
183	21	4
285	21	3
436	19	1
705	12	31
939	23	3
17	22	2
305	13	2
337	7	1
902	12	1
959	22	3
187	21	6
213	6	1
267	12	2
686	11	2
805	4	13
83	18	11
360	11	2
392	5	1
877	17	17
729	4	5
803	1	3
971	11	8
181	6	2
187	24	2
241	19	1
354	1	1
724	10	16
760	12	1
916	12	25
568	6	1
604	3	2
636	7	6
664	7	7
750	2	3
874	19	1
933	11	7
957	10	2
25	4	1
47	23	1
349	17	1
727	4	1
826	23	3
778	13	2
76	4	2
116	3	10
126	4	1
598	4	1
732	23	2
627	14	2
657	22	3
906	18	2
11	12	4
157	4	9
368	1	8
368	18	6
452	5	1
461	20	29
552	7	1
802	5	4
51	9	1
58	3	1
62	20	1
188	21	1
338	5	1
824	2	1
925	14	1
45	4	3
205	18	109
677	4	9
730	1	1
853	20	47
414	10	1
433	6	41
614	22	1
718	10	6
782	6	1
844	2	2
889	16	2
933	26	1
67	17	2
92	5	1
255	23	1
354	21	5
439	18	2
235	4	1
331	16	1
394	8	2
801	18	3
983	11	1
715	4	5
781	3	1
799	4	39
113	21	1
160	4	2
219	18	2
366	17	1
496	17	1
861	1	2
914	4	3
23	4	9
171	4	3
425	15	1
913	21	3
973	14	10
7	13	23
834	11	2
220	21	1
620	23	2
798	18	3
933	12	17
961	12	2
19	4	3
64	16	1
555	6	1
651	4	42
816	11	1
205	10	3
351	4	1
599	6	2
923	23	12
752	10	1
925	17	1
137	2	2
437	5	3
522	18	1
601	14	1
689	4	11
862	14	2
966	1	4
53	20	3
123	4	2
202	23	9
330	13	21
416	10	2
811	12	5
876	12	1
73	10	1
201	23	1
282	4	1
319	4	4
753	18	4
791	4	2
37	11	1
217	21	1
292	5	1
295	18	4
664	8	1
201	20	1
916	3	13
916	4	9
916	5	1
359	1	1
555	17	2
686	14	2
714	4	14
201	1	3
244	17	2
330	21	10
3	5	53
47	7	1
51	4	15
110	5	1
180	10	1
538	14	4
722	6	1
974	4	2
908	5	8
8	6	1
316	19	3
523	19	5
560	23	1
721	17	2
952	19	6
205	20	2
360	3	6
406	5	18
836	4	1
853	4	18
77	2	2
574	4	4
164	5	5
280	23	1
419	19	1
907	5	4
985	18	2
728	20	7
747	16	1
65	11	4
359	14	2
555	2	1
676	8	58
718	3	1
932	10	1
959	18	1
462	12	1
533	7	1
542	7	8
719	6	1
752	25	1
438	5	11
609	18	4
732	21	2
861	8	2
578	11	1
646	10	1
696	13	2
78	8	1
243	1	1
277	4	1
524	20	1
560	10	1
902	21	1
912	15	1
980	18	4
980	12	3
68	11	1
442	6	1
466	23	2
628	23	1
107	23	1
124	13	4
163	6	3
493	21	1
415	8	10
474	2	5
914	17	2
897	20	2
201	11	2
238	4	1
433	7	9
542	5	33
698	7	6
606	4	2
765	4	3
907	4	4
7	14	3
42	23	9
127	1	1
273	20	5
519	4	1
919	20	2
478	0	2
542	23	5
638	25	2
39	21	2
116	11	2
316	5	12
402	13	2
438	20	2
676	12	228
752	12	3
771	8	2
725	5	2
927	12	1
29	2	1
51	20	16
316	4	1
443	19	3
607	10	1
979	10	3
108	5	17
314	1	3
551	25	15
640	8	1
787	11	1
827	12	1
856	1	2
334	4	1
608	1	1
703	25	83
785	19	7
826	17	2
276	6	1
354	12	2
514	15	2
55	4	1
66	12	1
96	13	3
167	11	6
248	3	2
987	21	1
638	11	2
731	21	1
914	21	2
936	25	1
967	4	1
155	4	2
181	5	4
507	5	2
972	14	20
118	17	1
163	18	3
304	12	1
357	4	1
618	12	4
279	16	1
535	3	23
681	4	3
913	19	2
916	17	1
961	2	1
408	8	3
462	5	1
535	23	4
553	21	1
842	4	1
516	14	2
709	4	1
797	12	2
203	3	2
205	12	110
376	5	21
417	3	1
492	2	1
533	11	60
539	5	5
894	7	3
205	23	195
325	5	2
469	4	1
487	20	1
523	4	3
802	4	3
902	3	1
167	2	5
257	21	2
323	3	2
370	18	13
759	20	1
394	16	6
478	25	1
658	11	1
118	15	8
120	12	11
175	9	10
362	12	1
385	5	1
945	17	1
954	13	1
180	5	7
222	5	1
244	8	45
349	23	1
361	19	1
226	22	2
266	17	1
560	11	2
737	12	7
205	0	12
298	12	1
862	3	2
630	4	1
895	14	1
70	18	3
105	4	1
152	5	1
243	18	7
441	20	3
116	12	1
433	3	2
847	11	2
929	4	4
118	2	3
125	4	2
202	8	23
263	5	2
700	20	2
986	18	1
140	14	1
296	18	18
305	20	3
657	3	1
917	1	1
77	26	4
210	6	1
215	11	1
558	20	15
142	11	12
191	23	1
202	12	13
397	3	3
403	4	1
64	6	4
204	10	4
868	13	1
899	10	2
444	5	5
447	1	3
614	12	4
41	5	1
118	18	46
205	3	2
243	25	1
286	4	1
671	10	1
882	4	5
901	19	3
940	4	1
971	12	18
444	7	2
617	10	1
638	4	5
49	12	10
228	11	2
246	14	1
271	20	1
317	4	4
798	4	2
773	13	1
45	1	5
72	4	13
85	7	1
660	7	11
669	9	1
661	2	3
752	19	2
820	10	1
57	12	1
75	17	1
210	1	2
423	19	1
478	21	1
153	6	1
173	4	2
478	6	1
530	11	1
736	5	1
33	2	4
163	21	1
275	6	2
321	4	1
599	3	1
91	3	1
244	6	2
389	4	13
710	21	18
960	10	3
672	10	6
831	13	2
967	20	1
83	5	1
330	3	7
441	1	4
579	10	3
590	18	1
31	1	3
92	11	2
230	13	1
243	13	3
466	4	2
150	8	1
649	19	7
799	12	2
884	15	55
919	25	1
77	23	11
521	10	1
964	5	2
985	17	1
611	4	2
732	2	15
914	11	2
97	4	2
164	1	1
214	19	15
243	7	3
336	12	4
955	3	1
513	2	1
653	0	1
713	20	1
624	25	3
677	6	1
798	5	2
323	25	4
538	4	1
542	15	10
549	3	2
587	11	2
800	17	1
846	10	5
892	23	1
400	23	1
611	6	1
472	1	1
474	23	4
832	17	1
14	5	2
118	5	1
257	24	2
323	5	10
330	5	8
878	20	2
917	26	3
83	4	11
195	19	1
312	20	1
485	6	3
570	17	3
568	23	4
671	20	1
803	13	3
152	3	2
175	2	18
531	3	2
551	20	9
563	23	1
866	19	7
373	18	4
442	3	2
752	2	1
910	24	1
519	1	2
671	4	5
749	4	108
893	11	6
662	13	1
759	15	1
72	23	2
438	3	11
466	2	1
466	18	1
531	2	1
477	5	1
551	10	5
556	20	6
899	12	4
957	6	2
191	18	32
219	10	1
432	11	2
471	15	23
614	4	1
651	18	34
844	20	8
952	17	3
181	2	6
205	1	4
247	23	1
357	1	1
394	13	1
724	6	11
826	19	2
67	11	1
124	23	1
438	21	4
523	14	6
609	10	1
812	11	2
881	5	2
916	25	3
107	19	1
123	14	23
132	3	1
468	5	2
538	13	9
946	20	2
559	23	8
729	5	7
895	19	2
741	3	2
785	1	24
809	14	1
155	25	1
304	20	4
543	6	18
608	4	3
731	20	4
91	11	1
169	1	12
194	18	3
402	2	1
887	16	1
33	4	3
164	4	5
376	12	41
582	4	8
834	19	2
300	23	42
429	22	9
916	26	6
467	3	14
700	23	1
22	3	1
197	2	2
216	4	1
324	4	1
461	1	9
698	4	47
718	23	1
773	11	1
81	19	1
197	5	1
265	4	1
548	20	1
603	17	1
316	2	22
548	5	3
966	3	1
563	5	2
773	19	1
834	10	9
3	6	23
85	3	1
217	4	6
344	19	1
415	24	1
676	16	47
678	18	1
732	4	4
52	10	1
154	18	1
390	22	7
567	21	1
587	1	4
914	23	2
608	3	1
739	5	1
87	7	1
95	11	2
357	23	1
414	18	4
533	16	2
474	11	4
910	6	1
15	12	2
31	21	6
105	12	4
435	1	16
466	1	1
542	24	2
856	4	2
874	16	6
189	6	2
210	10	4
339	5	34
431	4	6
506	5	1
891	4	5
891	12	1
960	4	10
908	12	4
120	18	1
147	18	10
372	19	1
863	3	3
890	5	3
906	4	1
228	23	3
341	16	1
478	3	2
576	21	1
685	22	2
518	14	1
617	5	1
645	2	3
7	6	1
174	10	2
204	2	6
315	6	1
413	2	19
676	7	17
983	7	4
963	20	1
72	5	16
390	11	2
556	2	1
689	13	5
769	12	1
916	7	1
60	18	2
202	1	17
629	1	3
840	4	1
855	11	11
589	17	1
648	5	1
795	2	1
896	5	1
903	4	1
915	18	1
18	6	2
208	18	30
456	4	2
478	4	4
568	5	7
741	6	9
41	4	3
219	20	5
280	14	1
289	1	1
433	17	8
370	1	3
394	14	2
59	5	21
281	4	6
385	4	1
782	23	2
895	7	1
704	11	2
913	1	1
922	20	2
412	1	2
422	15	2
447	2	1
586	4	2
609	13	11
205	15	65
213	18	2
925	4	3
931	10	1
820	23	1
846	14	1
879	19	1
8	17	3
656	5	1
659	16	5
776	6	18
786	11	1
478	15	7
591	5	6
594	4	2
67	5	7
257	10	1
402	5	2
441	11	2
460	15	6
893	20	5
977	7	1
303	5	1
364	23	2
672	4	22
759	4	2
900	5	1
143	18	1
210	14	1
210	5	2
603	5	1
789	10	1
523	1	1
725	4	2
899	4	10
228	15	19
280	20	3
364	4	4
441	3	9
443	4	3
525	19	13
632	1	1
732	20	4
106	10	1
137	14	11
355	10	1
369	12	2
497	17	1
739	18	1
875	1	1
916	11	2
942	10	1
957	12	1
666	3	2
848	4	3
18	17	3
157	10	4
201	14	4
558	4	23
567	11	1
13	18	7
51	11	32
323	8	1
621	10	1
923	20	44
785	2	230
874	21	7
875	2	1
181	10	3
317	5	1
439	20	10
542	2	24
706	19	1
389	10	8
663	16	16
873	14	1
7	16	1
43	18	2
111	11	8
128	5	14
243	3	1
908	2	5
224	21	1
677	1	3
733	5	1
758	5	4
865	6	1
22	5	1
201	10	2
205	5	16
722	13	2
862	4	4
899	23	1
118	4	2
178	4	2
428	4	1
703	3	4
811	14	4
497	10	1
540	3	1
789	4	8
790	15	1
853	3	3
225	11	1
533	4	8
547	4	1
724	11	1
205	11	8
206	20	1
817	5	1
64	12	1
67	1	9
149	13	1
156	1	1
187	5	4
846	4	8
827	19	1
855	23	3
149	10	1
156	3	1
167	12	188
381	5	2
383	12	1
356	4	1
398	4	1
588	4	5
137	3	2
213	12	4
287	6	1
287	4	5
323	20	6
594	1	1
621	1	1
622	11	1
673	10	1
864	22	1
75	23	1
665	10	1
815	7	7
768	2	4
865	23	1
877	7	6
15	7	5
112	2	3
419	23	2
433	14	115
559	19	12
775	2	1
812	5	1
841	12	8
113	4	4
284	2	1
558	17	1
607	18	6
747	24	1
68	4	1
274	11	2
471	7	2
607	6	1
874	23	1
395	14	1
449	5	2
558	6	4
123	1	2
231	5	2
259	15	70
300	16	28
330	2	14
626	15	1
871	11	1
708	14	1
739	20	1
946	11	1
979	24	1
660	14	2
763	12	1
782	5	2
125	20	2
156	23	1
204	4	14
400	6	1
446	19	3
829	4	13
966	15	23
977	17	1
159	4	1
163	11	2
469	23	1
590	12	3
803	5	6
824	4	2
842	21	1
141	12	1
357	5	4
363	4	9
441	4	3
677	12	2
550	6	1
686	1	2
812	18	2
204	5	13
281	3	1
316	24	1
389	2	1
454	10	2
862	16	2
940	14	2
988	8	2
137	19	8
829	19	14
966	18	5
338	21	1
444	10	1
570	7	22
698	10	1
754	1	6
53	23	1
839	12	1
902	5	1
910	1	4
22	12	2
41	11	1
202	11	9
368	6	4
789	23	13
585	20	1
619	18	1
627	4	2
22	21	1
363	3	2
376	4	16
441	13	4
497	25	1
664	4	1
739	4	1
838	17	2
8	7	3
290	5	1
823	16	1
846	24	2
911	24	3
180	19	1
232	1	1
255	12	9
497	2	3
813	7	1
455	20	6
607	13	2
682	16	1
836	10	1
881	23	5
879	16	1
199	12	1
411	1	8
523	6	1
533	23	2
789	11	7
676	2	58
871	4	1
879	1	2
64	10	1
93	4	5
178	17	1
284	23	3
369	4	2
795	20	1
876	11	2
946	5	3
64	19	3
106	4	1
496	0	1
602	21	1
785	25	78
296	1	4
429	3	11
495	23	2
682	2	1
943	4	1
506	3	1
892	5	2
149	21	2
275	19	3
315	18	1
316	3	1
388	7	2
704	20	1
900	24	3
255	9	1
300	19	3614
389	6	2
411	5	2
484	2	1
20	13	1
887	23	1
923	3	3
347	4	10
402	18	1
458	4	1
724	23	5
747	11	1
215	23	1
703	4	16
749	12	13
798	23	1
128	1	1
177	19	1
184	1	1
221	14	1
485	4	4
899	2	3
834	4	17
856	13	1
45	25	1
246	25	2
299	4	1
609	5	2
686	2	1
204	21	2
212	6	1
302	10	1
433	2	13
918	21	1
607	12	1
711	7	3
816	18	1
180	17	6
198	0	4
345	6	34
379	11	7
535	18	4
829	17	2
932	11	1
933	18	6
962	5	1
13	4	6
300	12	284
528	20	4
721	2	1
881	1	4
15	4	3
292	18	3
318	3	1
345	11	5
402	16	2
590	4	1
798	15	2
910	4	4
163	3	1
246	23	23
493	3	2
539	12	11
548	18	1
163	22	3
251	20	1
394	5	3
822	23	1
520	23	1
768	23	2
11	5	11
11	4	7
188	18	1
294	3	1
368	11	8
538	1	1
698	3	56
795	16	1
861	24	1
866	4	6
703	1	15
740	0	3
799	17	1
43	7	2
109	4	1
273	1	1
452	4	10
691	4	3
832	4	1
889	19	4
892	13	2
980	4	5
88	3	1
255	2	1
586	3	2
743	3	1
987	7	1
14	1	2
30	4	3
558	1	9
649	14	7
802	6	1
683	4	1
761	3	1
777	2	1
231	2	1
410	12	1
523	16	2
542	3	65
594	2	1
819	5	1
866	5	3
891	3	2
983	4	1
917	16	29
158	6	2
227	9	3
231	19	2
498	10	14
666	4	4
971	18	15
217	11	5
263	4	1
389	17	1
490	4	91
523	23	1
53	3	4
312	10	2
358	7	3
558	10	13
204	3	6
556	10	3
711	18	1
71	17	1
284	4	7
421	0	23
758	19	2
689	20	2
721	23	2
280	2	4
440	18	1
513	17	1
544	6	4
555	7	10
439	3	13
550	14	1
658	16	1
849	3	1
853	24	8
933	2	26
972	19	35
224	10	1
257	20	1
281	23	1
582	5	1
770	4	5
976	11	1
564	19	1
609	12	2
714	1	2
725	19	1
960	12	13
966	12	1
568	2	7
604	22	4
686	4	7
706	10	2
798	12	1
435	20	4
526	4	1
597	20	9
13	12	1
119	12	2
167	19	30
176	6	15
260	11	1
641	3	1
671	27	4
851	10	1
876	15	13
893	18	4
899	11	1
68	1	1
157	18	32
331	11	4
803	23	5
812	1	1
923	18	22
51	6	23
186	13	1
403	18	1
532	6	2
751	5	2
946	21	5
345	23	5
401	4	1
866	23	2
875	17	3
893	10	1
596	14	5
597	13	4
987	10	1
331	23	1
394	3	3
437	21	2
513	15	4
556	4	16
10	19	4
133	3	1
330	10	7
348	1	1
545	18	1
65	4	56
168	4	1
575	3	1
952	5	1
960	24	3
105	5	1
163	12	2
433	5	25
551	13	13
732	12	2
830	4	1
83	1	1
178	12	1
280	12	1
466	3	3
740	10	1
137	10	2
158	18	9
371	1	6
747	7	1
555	14	14
591	6	1
603	0	2
7	15	16
51	2	2
291	14	108
461	24	4
511	11	3
747	23	1
855	4	1
330	11	30
560	4	10
923	5	60
179	3	1
200	6	1
449	1	2
455	18	15
677	3	3
670	23	2
677	10	2
288	4	2
325	4	9
325	1	1
419	14	1
430	23	1
553	1	15
560	3	3
670	13	1
772	4	1
567	1	1
579	5	2
922	18	5
110	10	1
167	8	14
350	20	1
368	23	6
441	5	3
957	3	3
368	20	9
548	11	4
651	1	48
92	10	1
128	21	11
183	2	1
270	19	4
273	23	3
697	5	1
721	19	1
896	4	1
649	2	1
826	3	16
850	3	1
65	24	2
280	21	1
303	11	1
609	7	2
629	11	1
875	5	1
544	5	2
577	4	26
672	22	2
113	20	1
113	15	4
303	23	3
450	2	1
465	5	3
717	11	1
742	19	13
831	20	1
916	20	5
923	12	1
502	18	1
503	3	4
721	14	2
787	20	2
795	4	7
435	10	5
702	3	29
916	1	2
923	4	28
933	3	1
782	4	7
968	16	7
104	18	1
553	5	7
584	3	2
698	1	4
733	19	2
939	14	2
384	4	1
397	23	3
474	3	8
693	3	1
908	23	9
636	5	4
14	23	1
124	19	1
231	23	3
323	6	3
578	10	1
568	3	2
740	19	2
788	4	1
37	10	2
124	12	12
262	11	1
266	20	1
413	24	4
923	24	6
939	4	1
72	1	7
636	18	21
803	2	4
879	14	1
916	10	3
983	14	2
424	4	1
559	6	26
634	4	4
653	2	3
785	14	6
865	3	1
3	1	25
371	4	20
586	12	1
681	16	1
771	19	5
779	4	1
83	20	7
312	5	2
558	5	12
595	4	1
694	13	1
513	6	2
726	18	20
735	2	1
114	19	1
191	10	5
210	4	11
330	6	5
429	25	4
817	20	5
980	8	2
752	7	4
51	1	107
59	12	4
204	24	2
213	3	1
535	8	2
729	24	4
37	23	1
156	12	1
159	15	3
485	7	3
682	23	1
425	3	2
495	5	9
651	12	24
33	1	2
68	21	1
69	13	1
253	11	1
281	24	2
682	8	2
763	13	2
987	20	2
163	1	9
455	12	2
653	20	4
787	18	3
892	11	4
285	7	1
829	1	3
879	4	2
908	4	29
530	2	1
587	23	5
832	3	1
9	3	1
54	20	3
191	4	1
285	12	2
406	27	1
26	5	1
158	21	1
345	19	1
848	3	1
780	12	1
959	4	1
205	21	107
429	15	45
444	4	3
596	10	4
728	2	1
820	14	3
906	7	1
275	10	3
433	4	100
670	11	2
722	4	7
728	5	4
209	20	1
246	4	17
485	10	1
845	4	2
935	17	1
300	6	283
305	8	1
360	4	6
376	20	47
376	27	1
415	5	27
551	3	1
590	11	1
121	4	1
124	6	2
149	11	1
210	2	14
360	19	5
685	4	1
980	11	3
923	17	24
79	15	10
242	6	4
636	4	5
724	2	6
781	6	2
37	5	2
139	15	1
183	11	1
193	10	18
312	11	7
669	3	3
712	2	1
51	14	16
76	13	5
137	18	2
197	12	1
296	20	2
407	15	1
435	23	6
535	11	4
50	2	1
76	21	1
188	5	1
221	19	2
364	5	2
966	11	3
966	4	1
535	2	4
774	5	2
803	24	1
853	5	37
938	17	1
568	10	5
770	11	4
826	4	1
123	12	2
269	4	1
304	25	7
316	21	12
433	12	7
913	14	4
933	6	1
183	23	4
266	12	2
461	2	3
550	2	1
295	25	1
433	21	18
521	12	1
899	1	1
415	4	28
548	13	3
633	4	1
21	10	1
258	6	1
285	10	1
368	19	1
406	19	4
785	4	8
183	6	3
465	4	3
809	3	2
907	17	1
971	22	4
470	13	1
658	4	1
717	21	1
722	5	7
847	1	1
744	16	1
889	11	1
908	14	2
314	23	2
360	0	1
371	6	1
414	11	1
717	10	2
923	7	1
328	4	3
397	10	12
698	14	1
902	18	4
916	18	5
176	17	7
645	1	5
983	5	3
876	23	2
76	22	1
292	4	1
373	20	1
697	4	1
750	21	1
188	11	2
725	7	6
765	17	1
956	3	4
449	3	1
461	5	20
41	12	1
51	12	1
148	18	2
323	21	2
360	6	2
560	1	9
861	4	1
926	4	3
84	11	1
90	4	24
166	5	13
331	1	10
413	26	3
971	19	1
657	19	1
746	19	1
763	17	1
161	20	131
217	10	3
239	1	1
555	1	2
587	5	1
868	3	7
902	2	2
793	10	1
893	23	4
910	21	2
38	10	1
345	4	11
361	2	3
528	11	2
569	5	1
733	4	2
753	12	4
861	10	2
17	4	4
23	19	8
507	10	1
560	5	8
663	18	34
863	4	3
886	25	55
950	7	1
59	2	74
281	10	2
320	4	3
450	21	1
752	23	1
619	5	1
825	11	1
833	18	3
1	2	3
27	18	1
177	14	1
455	11	12
588	23	1
934	5	1
596	6	1
885	3	12
951	4	5
19	5	2
335	4	2
339	23	14
542	22	8
544	3	6
415	20	22
491	15	1
580	14	1
812	6	2
861	16	1
638	6	1
916	19	1
959	21	4
137	12	1
176	18	1
280	10	1
293	14	1
300	17	89
987	19	8
971	21	2
24	7	1
151	3	1
186	12	1
444	6	1
835	5	1
738	1	1
857	20	1
151	0	6
281	11	1
374	2	1
542	4	21
647	5	11
908	25	1
197	4	1
260	15	2
364	1	3
441	12	3
703	15	52
342	11	1
474	24	5
829	5	7
412	19	3
414	20	2
469	5	1
33	5	4
83	19	1
111	2	3
192	14	3
210	23	1
980	17	2
478	5	6
570	19	8
583	21	7
762	19	2
916	23	2
730	23	1
732	5	11
820	2	1
233	4	25
287	20	2
500	20	1
529	14	1
531	21	1
908	16	3
920	5	1
149	5	3
251	17	1
409	4	5
826	14	3
966	5	3
115	25	1
179	10	1
431	18	9
554	23	1
785	23	32
941	4	1
960	21	1
177	18	6
201	12	1
349	11	1
535	20	3
701	2	1
145	2	5
457	4	1
809	27	1
933	17	29
944	13	1
902	13	3
947	14	7
166	13	19
429	10	4
677	11	2
695	5	1
740	25	3
481	18	1
831	4	2
933	4	9
67	2	1
452	6	4
542	13	4
698	5	18
902	6	3
414	19	1
438	10	22
462	22	3
51	10	10
68	5	1
113	10	1
167	1	10
273	5	4
668	10	1
724	4	24
715	23	1
892	4	10
971	2	2
56	5	1
72	2	20
255	10	3
439	2	1
528	4	12
666	1	5
680	23	1
782	2	11
41	2	1
286	20	4
300	11	66
536	5	4
636	20	2
985	14	1
18	19	3
131	2	3
376	25	45
414	5	2
770	10	1
821	18	1
845	5	2
908	11	33
34	4	1
45	18	1
535	17	1
686	19	1
721	5	2
933	1	3
32	4	3
422	23	1
228	20	2
231	4	3
570	14	3
74	6	1
800	4	2
824	17	1
892	3	5
300	4	1220
439	5	1
919	15	24
932	17	2
795	1	1
908	7	2
112	4	8
137	23	11
476	3	2
485	3	6
786	18	1
553	24	1
599	10	3
686	6	2
39	1	1
171	2	3
312	24	1
443	5	3
497	3	1
808	23	1
901	22	3
933	7	2
730	11	1
862	19	4
61	23	48
255	3	4
520	14	3
520	11	4
703	12	34
544	10	3
555	4	7
752	16	3
158	5	1
427	20	2
447	13	1
467	12	1
513	3	1
812	3	3
158	23	1
370	2	15
404	14	1
489	6	1
523	3	5
609	8	1
732	6	8
980	20	1
232	6	1
368	5	9
461	19	9
499	10	1
609	16	5
254	19	3
544	20	2
703	23	10
724	3	5
882	3	2
116	4	2
195	10	1
599	11	1
876	7	4
607	5	5
841	4	4
99	0	2
237	13	1
331	12	2
505	13	1
556	23	4
27	5	1
106	7	4
663	11	2
845	23	3
972	17	4
902	23	3
168	6	1
360	23	1
409	5	3
447	8	3
538	5	6
902	20	7
41	3	1
513	20	1
523	2	1
667	18	1
881	2	1
666	21	3
834	5	27
67	4	21
68	3	5
276	4	1
345	2	3
626	25	10
948	18	1
129	17	1
187	20	6
558	12	2
599	4	4
811	19	14
53	10	1
163	4	5
350	12	1
668	12	1
743	4	71
846	16	1
76	14	4
118	19	50
591	17	1
702	12	1
815	4	1
944	16	1
65	6	57
438	23	1
486	11	1
924	20	1
933	19	22
345	18	1
485	5	14
731	4	1
901	5	1
672	17	3
734	10	1
757	3	1
31	18	21
33	20	2
273	21	1
371	11	4
501	11	2
774	12	15
916	27	5
975	18	1
249	23	1
274	13	2
510	5	1
712	23	4
919	16	6
354	10	3
721	10	1
803	7	18
6	12	2
72	17	1
122	16	1
281	12	1
314	5	9
914	5	2
923	21	18
962	12	19
210	24	15
345	10	7
784	12	8
856	20	1
933	16	2
704	10	1
28	10	1
169	11	16
202	4	42
575	1	3
698	8	1
797	11	1
973	26	11
161	12	25
429	5	3
597	10	1
627	2	5
676	4	205
706	5	1
51	19	8
112	5	1
544	11	1
651	0	43
700	13	1
194	11	1
527	4	16
676	17	87
790	16	1
933	23	11
984	20	1
39	4	5
127	13	11
156	16	1
523	5	3
902	1	1
228	4	7
437	4	2
447	12	1
542	12	34
758	24	1
798	13	1
406	26	26
553	4	2
658	15	6
674	19	2
694	20	2
610	18	1
629	24	1
666	10	2
125	3	10
130	19	1
323	10	2
333	5	1
439	24	1
758	1	2
767	13	1
805	2	1
908	3	16
92	3	1
280	18	3
632	4	1
642	13	1
865	4	5
870	21	28
891	5	1
970	4	1
106	19	8
108	3	5
686	21	1
697	12	1
834	1	1
958	18	1
983	19	8
17	21	1
120	7	1
171	18	19
200	14	2
433	19	46
